2000 2000
83 33
-39 -54
-10 -94
-69 -64
-25 76
85 -69
20 -100
-81 -54
-23 -11
80 -38
3 11
-23 85
18 -89
77 -41
21 -51
-41 60
95 -38
-79 -3
-74 54
-79 74
4 -89
-69 89
38 -26
-8 65
38 36
19 99
79 -72
23 -75
-24 56
15 -17
-43 -33
-89 -91
18 -33
-90 -32
84 -28
91 87
14 73
-62 -71
-74 58
-75 -24
26 -10
-50 26
-34 -64
-25 61
-50 -42
-28 38
17 30
-43 47
20 72
75 16
-99 -81
-85 29
-68 -94
3 -78
77 33
61 -55
47 78
47 -43
86 -71
-5 54
-31 -74
44 -97
-58 78
-25 61
6 11
-16 50
-41 17
-29 88
76 64
-97 -66
-26 99
44 82
-45 -86
-81 17
6 -82
-4 24
-83 12
62 -44
-81 48
-90 -55
-18 99
98 -80
-22 88
52 59
39 16
-45 51
-4 22
96 -8
50 58
-12 -41
-92 84
54 -22
-48 -81
41 -6
-98 -86
6 -21
97 -10
-85 46
7 -81
27 66
-98 69
10 11
20 -84
79 -4
-67 64
69 82
-72 96
32 -88
94 -22
50 -86
-98 -77
31 -50
-94 69
82 -27
67 56
-100 -69
18 74
-11 86
79 5
-46 -21
-48 75
50 -72
-91 -28
-67 -21
-55 -27
-67 50
-67 13
54 -48
-39 -4
-93 -73
-93 5
30 -32
-68 37
-59 -36
-68 83
-38 -54
-61 6
-81 -24
-52 -45
93 68
-1 3
-12 82
-47 -95
-24 35
27 -67
43 37
-34 -25
-87 31
-17 42
-7 -18
70 -2
-54 -12
-84 -22
43 -44
13 32
-1 -35
39 -32
-74 -56
5 -65
-50 23
-27 55
42 -71
-28 -31
49 -11
81 -32
58 65
-65 -54
47 77
25 34
-52 39
4 76
-87 -45
-94 -40
-60 6
8 16
50 18
20 33
71 82
-59 26
71 -52
16 30
-30 24
-71 56
-11 2
45 -58
-34 38
-71 75
68 87
7 -19
-32 -84
91 -18
-65 -46
-71 -78
-53 -38
-10 81
-72 -30
-16 43
-72 18
-93 -83
80 -15
-50 68
68 -39
15 -8
43 44
-6 -45
8 96
-53 39
-45 42
79 55
86 -56
-63 -83
9 -89
-60 -85
-46 -51
95 -64
24 -46
1 -30
-7 95
-63 -70
81 -34
-58 37
-31 -91
82 17
94 96
70 5
-82 65
59 -55
-89 88
99 20
-44 40
-37 25
83 18
-12 -41
-63 54
-55 86
42 42
89 98
-71 -25
-15 37
41 51
-81 41
-39 -35
-75 57
-83 -46
-66 -44
-52 -88
-35 15
68 1
82 14
-23 45
74 -35
-95 -63
-44 17
53 71
-17 -97
60 -27
13 34
-30 -51
-31 -81
-14 61
90 -74
-6 -58
43 -10
33 45
-14 -68
-37 -1
44 56
-72 37
-44 70
-33 -17
-19 17
-62 11
-52 95
53 56
-39 -17
10 -89
-73 67
48 77
-65 -94
-95 5
68 -94
-34 -62
-2 -26
-22 65
67 -65
93 83
-93 -42
-78 -11
82 90
10 -5
-49 86
89 -75
-70 -51
35 -62
-88 85
73 -25
88 -81
-59 -70
16 13
-62 -47
67 -98
72 21
43 -23
-22 -43
24 -69
-20 -58
-22 -85
-2 -12
-12 72
96 -63
-22 28
-55 71
-48 20
94 -19
-6 93
-39 63
-84 2
76 -17
12 -75
51 87
5 -21
-74 24
40 -59
43 3
5 -87
-95 -48
-66 2
-82 86
25 -17
21 -60
38 75
-26 -19
38 81
-3 -67
-39 -14
-34 6
28 -89
-20 -18
48 72
-40 25
-45 -28
-84 95
-87 18
20 -99
78 -43
-14 -55
90 21
-25 89
63 -70
-99 60
46 -95
-53 -92
-40 81
-13 -38
-77 74
-8 -88
57 -3
61 18
-77 -83
44 79
0 89
-46 50
-55 -61
24 -99
-81 -67
93 65
-59 35
-79 -6
17 -83
-49 -76
-50 -37
89 91
-47 64
-86 71
45 55
-30 73
69 -42
84 -53
29 -36
31 -77
94 -28
38 -82
57 -5
92 86
22 -35
-84 6
-34 -6
-19 -21
-63 -16
-92 -81
6 55
-19 7
4 1
-27 11
-88 59
-89 23
-26 50
77 -46
10 0
-98 27
-67 -100
34 -11
-76 49
78 86
96 -96
78 98
91 -9
72 -94
51 78
7 32
64 -14
-37 83
-8 93
81 12
-84 -71
6 16
71 14
-94 96
-59 -43
-43 37
49 -64
-65 65
-90 19
72 -38
17 95
21 -64
-83 77
-40 -89
72 -4
-86 -50
-50 -28
76 -36
-56 68
69 -63
79 48
-26 9
11 -13
-32 91
53 -76
-64 -58
28 47
97 13
-79 83
-90 -36
70 56
69 -9
41 57
34 -60
94 -17
-79 -98
25 -41
-80 29
30 5
82 -65
-4 0
-72 -49
43 88
-10 62
92 -9
-25 41
-20 -29
78 -51
-8 30
-12 -35
-17 -34
28 62
86 25
50 -79
-40 43
-68 -82
86 97
-88 -27
-28 69
29 72
-98 25
44 83
-15 88
84 65
83 3
69 -63
8 65
-4 9
94 -75
57 -62
88 41
-57 -58
79 -95
51 -79
-95 87
-97 4
68 -19
53 -22
64 94
81 -35
-14 -72
46 16
27 75
44 -57
-18 -10
-22 31
90 6
71 43
75 95
70 -86
72 -78
-89 8
70 -69
-77 55
21 -26
-88 88
42 97
-75 -26
78 -77
52 -48
81 -83
7 -48
84 -12
-38 48
-20 2
-43 42
78 -11
5 95
21 61
-43 -95
-70 -78
-4 44
70 65
-78 72
-94 -87
74 93
-44 14
-36 59
7 -45
10 49
-64 -2
-92 53
-11 83
-51 95
55 -78
-52 -52
-82 1
-16 32
88 -47
-51 50
17 100
70 -97
-11 -30
0 75
68 -44
83 87
50 -56
26 -80
-62 20
-7 60
73 -4
49 13
-7 -76
81 44
-24 96
3 49
38 -73
-9 -88
23 63
-87 -78
-76 97
-79 56
60 -54
-65 91
-33 -75
-99 77
46 71
-22 2
-75 86
-9 -21
2 4
-31 35
-8 41
-5 -65
-24 -54
63 -63
-67 17
70 -35
-80 98
-64 -73
-55 7
-58 56
59 3
60 36
24 -47
-6 74
-70 46
-73 -21
-37 5
-24 47
88 17
71 56
58 -22
28 -58
13 36
28 -27
-39 -69
9 49
89 62
-62 22
27 -19
92 21
-81 92
-72 100
76 91
-18 -21
-5 -63
80 -83
49 63
95 62
29 96
-90 88
67 74
97 -62
-63 -90
79 91
9 -77
38 -88
43 -54
-38 49
46 -97
-90 -27
-95 41
-59 99
-66 -66
-80 -96
-41 -47
19 86
-11 43
-84 -66
-75 79
-54 -86
-15 60
-46 73
-42 36
-31 61
52 42
-55 88
83 20
13 48
96 -82
100 -28
-13 -11
60 48
-8 38
71 40
95 -73
-91 91
-43 -64
-68 50
-14 -92
-77 -97
-56 -27
92 -20
53 45
-7 -30
17 50
-69 26
91 -21
-72 91
-92 85
-82 98
3 -17
91 12
62 14
-3 -96
42 34
29 96
74 34
-96 -67
-15 -58
-82 -46
-16 80
-79 6
-3 -97
-25 98
59 -90
-53 99
11 -74
26 -60
-26 94
80 -89
-15 -66
5 56
25 -27
45 -36
-31 43
-64 -57
-58 -100
-99 84
-80 -89
-35 -83
-46 -67
-63 9
-7 -76
-22 -100
75 -64
44 18
-66 56
23 -91
66 7
-40 -68
12 -92
-96 32
87 -53
95 35
17 79
-88 -31
-90 29
-94 50
32 29
-61 -46
72 75
-21 63
-29 -51
-94 -94
89 42
-72 28
-66 43
-48 64
-28 36
-81 -7
23 -26
-73 7
-46 -76
58 31
59 92
-53 11
-66 -12
6 83
13 -3
-83 86
66 -6
-23 13
52 29
-8 5
-14 -66
64 2
42 -72
76 54
33 -2
-76 41
47 8
7 -77
90 -40
-79 -75
34 -36
-31 -63
-60 48
83 26
-38 -88
5 34
36 -2
70 8
98 -63
34 -47
-51 60
-78 -94
-57 -42
27 95
-91 -4
91 -26
95 56
88 -79
-62 -16
-42 -85
43 75
28 97
45 -68
61 27
-44 78
79 19
26 -55
-45 -42
-24 -47
49 -6
-49 -80
34 90
47 15
42 -33
-68 100
90 69
1 -91
8 -68
-36 -10
-33 47
82 29
6 -38
55 12
-61 -34
24 3
-93 -49
-88 -42
-74 91
89 -60
99 -18
-61 16
-29 80
22 -100
9 32
66 72
41 90
-69 -81
59 42
-69 -96
49 59
-83 62
10 -76
-83 -93
-66 -77
63 93
63 -69
93 -46
-19 -4
-60 57
-66 -51
47 -19
13 -7
76 -37
-78 49
6 -44
61 2
78 6
32 85
-24 -28
39 -99
-60 -16
-32 95
46 -40
-4 -77
61 3
-54 98
51 73
-52 47
-45 11
-19 -6
-77 78
-8 59
83 82
-52 -78
28 -82
-12 -74
-80 -96
-1 -98
-60 -54
-95 -74
31 -100
-73 71
57 -100
-9 -57
-26 -56
-14 -87
-62 72
-91 11
-51 -74
88 -1
21 -91
-33 85
-21 -45
-84 -79
64 -70
93 28
49 42
-78 95
-48 -86
54 -58
40 -58
-20 -64
32 82
31 19
-95 -10
-8 -11
-64 -99
47 83
-40 23
-64 53
-7 81
-46 -98
-74 27
-58 -57
60 -69
91 61
-8 39
6 -75
-44 75
-96 -96
15 40
26 33
34 95
-2 29
-83 100
47 16
-42 -7
-95 -24
-58 1
88 -14
99 -95
13 -53
-76 -17
7 43
50 -40
-35 -64
-60 92
-24 91
-64 -36
-98 4
73 26
34 73
40 -38
14 55
69 -19
-46 -56
1 39
10 -24
37 -28
37 3
-10 97
-31 -38
-53 -20
-72 11
-81 -66
77 60
23 53
-2 11
-76 -33
-41 -1
57 2
-75 -47
99 19
75 0
16 10
56 -93
-59 82
61 -100
-36 97
-47 60
20 60
-78 -50
16 -13
24 -93
68 97
-49 -100
-31 -8
42 -80
-44 30
47 -43
41 32
28 79
30 3
-11 -60
35 -33
-3 -72
46 72
-15 -25
35 77
80 -34
33 -14
96 78
3 -85
-55 86
97 -15
-16 -22
26 -66
-6 -68
15 60
47 -61
-42 72
-73 -23
-22 43
-60 -91
-23 -53
-66 99
4 33
87 -76
50 -4
-70 53
67 23
-63 7
-39 38
-79 -4
39 -86
24 -35
28 -83
-56 -92
2 -37
100 86
86 -36
-7 14
67 -93
76 4
78 85
87 87
72 40
84 -49
62 31
-77 65
65 -37
88 46
73 20
-34 -22
-69 -84
-90 -62
-59 52
-31 58
-48 -19
32 -36
92 84
-26 -72
47 46
-6 90
-59 -11
60 -11
-21 -17
-76 22
-95 -49
-8 -59
-44 62
-45 -55
-75 -9
-30 -12
77 77
24 -44
-66 -47
98 19
17 -22
94 -40
-37 -12
-86 -37
-12 -40
32 -66
-85 57
-2 66
-7 -3
2 -31
-12 -66
-7 -25
69 52
27 -11
69 93
-50 -96
-80 -20
-36 -85
59 42
67 30
43 -69
25 -64
-42 65
-23 -53
92 -63
66 -16
-52 -48
11 23
-59 -70
-58 -80
4 42
-89 -25
-35 -100
29 19
-11 6
-2 -94
98 -51
8 -27
-15 -30
-19 100
57 -86
-57 -74
-28 80
63 -90
-27 71
62 -83
-69 -12
54 27
77 33
28 13
96 -71
-97 46
60 45
-5 84
-12 58
44 -55
63 -84
-54 -6
-9 90
76 -23
98 -71
23 -51
14 88
-19 -67
-86 39
70 -85
29 -76
25 -23
88 89
49 37
14 32
52 71
-10 -49
51 -97
-75 29
34 85
15 -82
-48 24
69 15
-61 34
-50 78
-100 -27
-84 6
64 -80
7 -67
-9 -75
89 50
-55 -92
89 -95
65 69
-98 -76
-42 -91
-12 44
-29 -40
63 17
-93 -91
-67 -47
17 -88
77 -74
-54 -82
-10 13
-42 28
12 -26
-68 -25
95 62
-61 -94
60 -17
-23 -23
79 -22
-93 99
-15 -63
6 5
59 -73
-18 78
-73 99
-9 4
58 -93
-24 -97
70 -11
90 96
92 -41
-34 87
-78 88
40 14
-7 -38
-83 -51
27 -37
-74 8
-96 -62
84 60
49 84
-49 -41
-78 -83
-50 70
80 78
12 100
8 1
45 95
-46 -90
90 -5
-18 87
-6 78
93 14
81 69
-73 45
95 47
98 63
-76 -56
-82 16
62 -18
-94 80
-15 -76
68 -12
-49 1
-35 93
74 -39
15 44
-35 54
-51 -58
-68 -64
-38 -44
-63 12
68 32
13 98
-59 11
-57 -55
-53 -87
-62 -61
-56 -50
-46 87
2 -59
57 97
49 94
69 -28
-79 -44
39 96
-20 -89
40 58
-62 -5
75 36
100 43
32 80
-9 -96
-18 18
5 57
-87 70
-49 53
7 11
96 97
97 58
24 -14
-56 18
-89 35
-84 -96
-75 -46
77 80
64 19
7 87
-32 -79
56 -34
-43 -20
-75 -90
-72 14
-80 -38
-66 32
-12 -72
31 -46
4 97
81 -5
13 -98
-64 -36
32 90
71 -38
17 -22
-38 -7
86 -92
9 18
47 -95
67 -77
-29 67
35 18
78 -75
-8 -34
10 -36
-48 99
-26 7
21 -41
31 -86
56 88
25 -66
-73 19
99 -19
-57 28
-74 13
-66 38
-41 41
-6 88
-54 42
-84 -36
-64 39
8 -23
-26 -1
20 74
-61 70
-35 26
13 3
-51 -12
93 27
-74 93
8 -24
58 24
93 -28
77 -54
-81 94
86 17
-23 18
-97 62
87 11
57 40
-60 -13
-38 -67
-85 37
21 -89
-58 60
55 47
27 88
65 50
-74 -43
82 34
11 28
-49 -50
17 20
-65 -69
28 1
29 44
76 98
94 16
-43 -4
-52 -78
90 10
40 -16
64 43
-57 47
90 67
-84 78
58 -48
-56 71
-86 -7
48 -68
45 93
-31 -50
35 30
-9 50
-48 94
90 74
-44 91
91 34
-30 -24
77 25
69 78
-46 83
-28 20
14 27
-80 -4
-98 -13
8 56
-72 96
60 23
12 41
25 82
-95 -55
-11 -16
-8 52
16 -63
-29 83
30 -37
84 64
-79 64
89 -29
69 29
-11 -20
-100 -82
66 -1
-16 -54
-7 -15
12 -14
81 -35
-81 -88
79 17
58 -53
31 -19
-85 21
-54 87
-22 -79
-85 -76
-29 94
-39 11
-13 -82
-67 63
-17 8
-30 -81
-12 -46
-32 -4
-86 80
-12 -98
-24 -32
54 -84
20 81
-56 73
73 91
93 92
47 3
34 -38
38 89
26 -32
-98 -54
-25 23
-66 -60
73 -72
-62 48
94 73
-31 -77
1 42
-54 39
97 -21
53 -33
66 -67
-87 98
0 -94
-14 64
-76 -4
24 36
59 -65
35 23
44 -87
-54 28
26 -98
85 59
53 -38
30 -63
-34 100
59 -54
-86 -21
-17 50
54 -67
57 -98
-17 82
6 -81
82 -74
72 35
81 19
29 -4
-97 62
60 -31
-45 43
-13 97
-25 -40
65 -100
-53 1
-87 -99
-50 96
-94 -97
48 26
12 -43
-74 -19
-33 68
12 17
22 44
41 24
-44 82
72 -30
24 -17
79 -6
-83 -51
-85 5
22 -67
-98 22
-69 -89
-76 86
3 67
-23 68
27 -9
90 -27
64 75
-21 46
-46 32
-62 -89
-30 -4
39 -31
31 -83
-54 38
30 34
81 -61
-81 39
-75 44
-86 21
53 83
12 67
7 39
-17 100
47 3
-37 81
-37 -36
-47 69
-62 -37
-74 -2
-12 -72
8 -46
93 9
77 -85
-2 5
-67 -82
73 86
-11 23
-3 -55
92 89
79 -98
77 -54
-71 6
-3 38
-6 52
-49 100
-27 5
-98 65
-28 -2
80 -31
-96 -26
33 33
-4 -79
53 90
100 26
35 -66
-73 73
5 -37
-77 -80
-40 -95
45 80
64 2
-30 96
99 11
59 60
-7 -61
94 28
50 74
-40 -88
40 -69
57 -56
18 69
41 19
-51 -19
-6 72
-34 -12
-72 61
96 79
47 -33
71 31
-47 -34
32 26
-22 -79
-58 -3
84 9
83 -80
-9 73
-3 17
-69 -98
-94 60
-68 20
-79 84
0 -10
73 -47
-71 38
39 -41
-23 2
-100 35
-25 -25
32 -89
-37 97
13 8
59 3
92 49
98 83
49 -85
-98 -42
-12 -62
-26 -42
-45 -85
38 -69
-70 -41
20 -23
-38 94
-45 3
25 -23
32 -50
-17 83
94 57
64 -92
33 -20
90 -2
68 -57
0 -98
-77 15
-11 67
-32 -29
-31 -79
-84 73
91 -20
82 -88
-68 -68
-96 -100
86 -43
35 -71
32 -55
-42 42
31 71
86 1
-100 77
18 -15
55 32
54 60
43 -99
3 -53
-69 28
-19 -29
91 30
38 -11
30 -50
-88 26
-25 98
-64 38
62 -30
-92 83
-5 -44
-88 52
-19 -92
-95 -18
75 75
88 -18
82 82
54 49
26 61
73 91
96 98
-8 2
89 82
-23 78
23 -54
-76 -5
-62 -90
-52 -74
41 49
33 24
-90 -5
5 76
-70 74
-71 -50
46 -62
26 -25
-43 -58
66 -5
30 -87
-57 31
37 65
-24 3
54 -26
76 -4
49 -1
71 71
22 53
-58 25
80 -36
42 -75
-72 37
58 21
-93 -41
-53 82
66 3
-47 -63
-5 -8
-63 -98
-31 -74
-44 75
-58 -91
7 -29
48 72
-70 87
68 -25
-76 -10
-64 7
-14 67
-32 85
70 -76
-93 -36
77 -91
7 24
35 63
99 -80
-85 41
-76 -32
-53 -62
57 64
8 -12
-67 68
81 -34
-23 84
46 -72
59 19
-50 90
-79 92
-59 23
38 -86
-13 -99
-38 -56
88 -24
92 9
-76 -62
21 -25
89 -92
11 -10
77 2
-40 34
-90 95
-46 82
-27 -69
-4 -89
54 -32
34 -40
85 56
9 67
30 -5
-79 33
-49 -11
-59 17
6 -61
-92 38
21 -62
53 -94
-72 -48
-46 99
-86 48
2 58
-79 85
-94 98
-27 76
-17 98
-89 83
-1 85
-43 74
-84 83
-58 -61
60 95
84 12
-97 95
74 57
-8 59
7 72
-89 25
76 -12
-52 -2
-88 88
16 -25
-25 48
44 51
44 73
100 44
24 -49
-5 24
-32 99
-47 39
-68 52
60 32
93 19
18 -86
-93 91
14 -80
85 -15
-84 56
46 82
70 59
-11 39
32 15
80 -82
85 11
42 65
61 -22
-90 -43
-35 37
78 -42
-12 77
-37 -78
75 -32
3 -33
15 73
79 69
-31 13
60 75
38 -89
-88 -52
-88 -12
61 20
37 40
-43 73
-86 15
40 44
2 -29
52 -25
-43 -100
-3 39
-94 -8
-17 71
-18 -97
100 -21
21 -92
-74 -59
32 72
4 32
42 -81
50 -67
-18 -13
6 -39
19 -13
-6 -39
-35 -25
100 -87
-45 73
-93 35
31 -37
-35 -99
87 2
90 -7
-79 -73
3 90
6 -82
9 -15
56 -85
-100 -37
-18 1
-64 34
8 -8
-83 73
-23 -2
98 69
51 -84
82 17
-99 34
-40 58
93 3
23 74
93 52
-96 -17
57 24
33 -85
12 -18
-39 75
-50 79
-44 91
-75 -9
24 -10
90 -9
-40 48
50 61
-79 98
-70 58
9 67
60 79
58 -60
-56 -36
86 27
84 -38
-93 86
-54 -13
20 15
-10 -12
-97 -71
-49 -47
-95 -88
-4 -3
-94 -14
-5 20
-40 22
-79 -46
-83 6
-97 -68
28 12
-78 22
-49 -15
-45 16
-7 -74
96 15
-82 18
88 -56
-56 -95
-66 -13
89 -43
-84 33
20 -45
32 -27
-100 79
-38 48
0 -55
0 -80
68 -88
57 14
-7 42
42 63
-34 -75
65 93
-7 -16
60 -76
36 -29
-85 -97
-6 28
68 -94
85 -83
75 -11
15 -89
41 -72
13 67
-63 -19
19 72
-1 -34
39 47
84 -5
10 99
91 68
4 82
-17 -59
92 36
2 -26
9 28
-60 85
-42 13
-82 -93
-34 -22
45 -98
55 86
-79 -53
-43 -95
63 -11
80 4
-40 -30
-23 -98
-94 85
69 42
93 -9
77 -93
97 26
94 19
-45 -1
8 -32
-98 85
23 6
-17 -27
37 77
95 22
-5 38
53 13
88 95
58 -49
-99 -97
20 92
-13 -41
71 30
55 79
-30 13
31 -51
-71 71
-39 -64
-81 -63
57 -61
35 14
87 27
-14 -71
-56 -19
-96 85
10 -75
-90 46
-9 -54
60 76
-8 -64
-72 30
92 -50
-70 37
42 68
-42 -20
-88 57
-51 -34
-46 -3
56 60
-71 23
-17 20
41 75
31 94
84 41
-73 85
-66 -77
38 74
18 41
-18 34
-45 -88
-38 42
51 92
8 87
31 4
49 77
-42 -13
77 -65
69 85
-65 -91
-41 94
-26 71
72 -34
-68 -39
95 -31
-52 92
-41 87
-43 -98
-38 75
-98 54
-36 -15
44 -77
-49 -95
-96 72
-96 -7
79 27
75 96
73 -98
55 -39
-65 25
13 -24
45 -88
-25 14
24 24
