100
0 0 0 0 0 0 0 0 0 0 0 0 0 0 0 0 0 0 0 0 0 0 0 0 0 0 0 0 0 0 0 0 0 0 0 0 0 0 0 0 0 0 0 0 0 0 0 0 0 0 0 0 0 0 0 0 0 0 0 0 0 0 0 0 0 0 0 0 0 0 0 0 0 0 0 0 0 0 0 0 0 0 0 0 0 0 0 0 0 0 0 0 0 0 0 0 0 0 0 0
0 0 1 1 1 0 1 1 0 0 1 1 1 0 1 1 0 1 1 1 0 1 0 1 1 1 1 1 1 1 0 0 1 0 1 1 0 0 0 1 0 0 0 1 1 1 0 0 0 0 0 1 0 1 0 1 1 1 0 1 0 1 1 1 0 1 0 0 1 1 0 0 0 0 0 0 0 0 1 1 0 1 1 1 0 0 0 1 1 0 1 1 1 0 1 1 0 0 0 0
1 0 0 0 1 1 0 0 0 1 2 1 1 0 0 0 0 2 2 1 2 0 0 0 2 2 1 0 0 0 1 2 2 2 0 0 2 0 0 0 2 2 2 0 0 2 0 1 0 2 2 1 1 0 0 0 0 2 2 1 1 1 0 1 1 2 2 2 2 0 2 0 0 0 0 2 0 1 0 2 2 2 0 2 2 2 1 0 2 1 0 1 0 2 1 1 2 2 2 2
2 2 2 2 2 2 3 3 0 1 1 2 3 2 3 3 2 1 2 3 2 3 3 3 3 0 1 1 3 3 1 2 2 1 1 2 0 0 2 1 1 1 1 0 0 3 3 3 2 0 3 2 3 2 3 2 3 0 1 3 1 0 0 1 2 0 1 3 0 0 2 0 1 0 1 1 0 0 3 3 3 2 3 1 2 3 3 3 3 3 3 2 1 2 0 1 3 3 2 2
1 0 2 1 1 3 3 4 3 0 0 0 0 1 1 0 1 3 4 4 4 4 2 3 2 3 2 0 3 2 2 2 1 3 1 2 0 4 4 2 4 1 2 1 1 4 4 1 2 0 0 1 4 0 4 4 3 3 3 1 3 3 1 4 2 2 1 0 4 0 0 0 3 4 2 0 4 3 3 3 0 4 2 3 2 3 3 2 0 3 1 0 0 1 4 3 4 1 4 2
0 0 0 0 0 3 5 2 0 0 4 1 1 1 2 4 1 2 0 5 0 1 1 4 3 3 4 3 1 4 0 5 5 5 3 3 2 5 3 2 1 2 1 0 0 0 0 0 0 0 0 0 0 5 2 5 3 1 4 1 1 5 4 4 1 2 0 5 1 0 4 1 3 2 4 1 1 1 0 2 3 0 0 0 2 0 1 0 3 4 2 0 3 3 0 3 5 2 2 5
4 6 2 4 3 0 3 1 0 0 0 2 0 0 5 3 1 0 2 0 0 5 0 6 3 0 1 4 4 3 1 6 4 3 3 2 0 4 4 3 2 1 6 0 4 1 1 5 4 2 6 6 6 5 4 4 4 3 3 2 1 5 1 1 2 1 6 2 3 2 0 2 0 3 0 1 1 6 4 0 0 0 0 4 6 4 3 4 0 3 6 4 1 1 5 0 0 3 6 5
1 0 4 1 6 3 6 5 2 4 2 1 0 3 1 0 1 1 6 4 4 2 2 5 5 2 5 4 2 1 2 0 0 7 7 5 5 3 2 4 1 2 7 6 3 1 7 5 0 1 1 5 0 0 0 0 3 5 5 3 4 2 1 3 0 7 0 1 6 0 2 7 4 1 0 0 6 4 4 4 0 7 5 0 3 2 0 2 0 0 7 1 0 0 7 0 0 0 3 7
4 8 5 7 8 5 6 4 3 6 4 8 7 5 7 7 4 2 7 8 8 3 7 5 3 0 6 4 1 3 3 5 6 1 7 7 5 0 5 2 4 5 8 7 6 4 5 8 8 4 8 4 5 7 3 2 2 1 3 4 8 2 2 4 7 4 5 2 5 4 2 7 4 5 8 8 5 7 8 6 8 2 5 6 0 0 5 3 0 5 1 5 2 8 0 0 1 1 8 5
9 5 0 5 0 0 2 3 0 4 1 3 2 6 1 6 4 6 6 4 5 5 5 4 1 3 9 4 8 5 6 5 3 8 1 7 4 3 9 8 9 8 4 8 5 3 2 1 8 1 7 2 2 1 0 6 4 8 7 9 4 3 4 5 5 3 5 3 6 7 2 5 1 0 6 5 3 6 8 4 7 4 8 9 5 4 8 5 2 7 0 3 0 8 6 9 7 2 4 5
2 4 5 3 0 1 1 10 2 1 6 0 4 2 1 1 5 7 5 3 4 3 5 5 3 10 0 10 9 9 10 6 8 5 7 6 6 4 5 4 6 2 0 6 0 10 2 0 0 0 4 10 8 5 3 2 7 0 0 8 0 0 6 7 8 0 0 0 9 9 2 9 6 6 6 2 0 0 0 0 8 5 10 8 4 8 8 7 7 7 9 3 7 3 2 4 10 1 10 5
4 11 5 8 3 10 3 3 11 8 7 9 9 2 8 10 11 9 4 5 11 9 5 2 3 8 11 5 6 8 11 10 5 3 8 11 10 7 8 11 7 10 8 7 5 3 3 2 1 11 10 8 8 3 1 10 9 8 2 1 7 4 3 3 9 7 11 8 10 7 4 1 7 4 10 5 5 11 6 11 8 6 4 10 10 10 6 10 3 4 3 1 10 4 2 11 11 8 9 5
10 5 0 0 1 2 9 8 4 11 10 10 1 9 7 9 5 1 0 1 1 8 3 12 9 12 4 11 1 10 10 12 9 0 1 7 8 0 11 7 9 12 10 8 7 12 10 12 9 6 8 10 10 8 12 6 5 3 2 2 3 3 0 5 1 12 2 12 7 12 2 6 1 1 2 2 12 1 10 12 7 11 10 4 1 3 3 11 9 10 9 6 10 2 3 12 9 12 6 5
13 13 9 10 11 6 8 4 6 9 4 13 10 2 5 13 3 2 8 7 11 12 10 12 1 0 0 0 0 0 3 0 0 0 7 0 13 9 2 7 12 12 13 7 7 6 13 2 3 5 1 9 7 10 7 7 2 1 5 3 6 3 3 0 3 11 5 0 4 11 10 6 7 10 0 13 11 12 6 9 5 13 13 12 9 11 9 2 3 3 2 5 3 1 0 3 5 10 9 11
3 1 4 10 2 10 13 1 1 8 5 1 10 7 12 14 10 11 13 6 7 13 11 3 12 11 8 6 6 6 6 2 14 12 4 14 12 11 8 10 12 3 5 13 12 2 1 5 1 8 13 2 7 4 1 14 0 12 14 8 10 9 8 10 9 11 11 4 12 9 13 7 11 11 6 13 11 9 6 5 9 10 7 6 1 13 11 7 7 8 6 1 12 14 12 13 10 6 5 11
4 2 15 7 6 3 3 6 13 8 5 1 3 7 9 6 12 6 13 8 3 2 2 0 0 11 2 9 12 15 11 8 8 6 5 5 1 1 11 7 3 8 3 0 1 0 8 6 10 14 8 14 2 0 7 2 0 0 11 7 2 12 0 10 15 15 14 13 5 4 2 0 13 15 14 14 14 14 12 10 11 13 5 12 6 7 6 6 3 10 10 4 5 5 2 10 12 1 5 5
8 4 4 10 16 7 5 15 12 12 14 13 9 6 13 10 13 7 4 16 12 8 16 3 5 3 5 2 3 11 16 8 8 7 3 7 7 5 3 8 13 11 14 10 12 9 11 11 11 12 8 5 9 8 10 5 5 3 1 0 1 2 1 0 0 11 13 6 6 1 0 13 0 5 4 3 10 14 8 14 11 9 4 7 12 6 5 7 2 15 3 5 15 6 6 8 5 1 4 4
14 7 12 13 14 5 15 4 4 4 13 14 15 8 8 12 10 4 12 5 6 13 7 7 1 1 11 5 0 15 0 17 13 13 17 17 13 9 9 4 11 6 6 5 14 5 15 10 14 12 9 4 16 8 8 17 16 9 8 7 10 3 3 4 16 11 17 12 13 9 10 11 14 14 16 14 10 9 2 10 4 17 11 12 4 2 2 0 0 3 9 0 8 14 13 4 5 1 3 4
4 2 1 18 16 13 2 13 8 2 1 1 5 2 1 8 5 6 0 0 12 1 4 14 5 14 1 1 0 1 0 8 11 0 13 18 17 13 9 6 8 13 5 8 7 2 2 7 17 10 3 1 1 14 9 4 11 8 6 3 2 18 17 14 6 12 18 12 16 7 16 11 7 11 11 6 2 3 18 17 14 18 11 2 13 14 7 8 2 1 1 0 10 5 18 14 5 13 16 13
13 4 14 14 10 4 5 8 12 14 8 8 18 11 10 6 8 3 4 5 3 3 18 5 12 11 11 7 11 18 10 19 16 18 9 15 10 19 8 6 8 3 5 4 10 2 2 17 2 12 11 2 8 1 9 2 10 0 18 2 1 1 0 9 11 2 0 11 14 9 9 6 4 2 16 16 1 2 16 17 14 2 12 2 13 15 10 8 12 6 5 2 1 1 16 2 19 11 10 5
20 19 4 4 6 15 12 20 13 10 7 16 16 10 15 13 7 15 15 10 3 20 9 15 12 11 11 6 17 8 17 14 13 8 19 18 4 3 5 15 4 4 13 4 18 14 18 18 15 4 5 3 11 13 11 11 9 4 8 10 8 2 1 20 20 12 10 18 6 17 7 12 19 4 3 17 1 0 4 1 1 0 10 15 0 18 0 12 8 20 2 18 16 14 12 9 13 8 5 19
18 16 12 1 20 4 15 4 2 20 3 3 7 15 17 11 12 8 9 15 3 21 6 6 17 11 16 2 6 3 0 3 15 17 12 18 21 17 15 18 18 10 10 9 18 16 13 14 19 17 17 6 9 8 10 5 5 12 2 8 10 19 15 17 10 11 16 3 3 3 18 5 12 15 5 2 19 6 8 6 7 4 1 15 10 16 13 8 2 10 9 3 1 17 7 21 4 1 11 20
6 13 12 8 6 5 5 17 7 7 2 10 16 14 9 2 12 16 1 1 14 11 10 5 4 13 13 13 9 6 4 16 14 9 1 7 21 17 20 0 1 0 5 21 19 15 20 5 1 3 1 7 15 10 14 14 13 20 5 6 0 16 16 2 0 15 21 19 18 22 14 22 5 16 21 17 16 16 18 15 22 12 16 17 12 9 11 8 15 12 8 18 17 15 0 19 17 12 16 17
16 14 17 7 10 8 13 2 8 10 16 5 0 9 23 22 18 7 7 11 4 2 17 14 2 15 3 16 23 21 15 17 15 21 12 14 13 23 12 8 12 23 22 22 6 6 7 5 13 10 16 11 14 23 10 21 12 8 2 2 23 19 14 17 13 20 17 7 5 12 11 17 21 13 13 13 22 20 14 10 18 18 6 14 9 17 19 23 15 8 9 21 4 7 12 7 11 5 20 13
10 18 21 19 20 20 8 21 13 21 12 20 11 10 17 8 5 16 24 5 16 19 18 15 11 17 15 16 19 14 11 7 5 20 15 8 5 10 9 5 10 4 5 18 18 24 23 10 7 8 14 11 19 23 23 21 22 21 20 15 11 13 22 21 18 18 21 16 13 13 21 12 18 9 22 10 13 14 6 8 14 7 12 9 21 15 17 7 23 15 6 12 2 4 1 21 22 21 19 20
10 5 2 21 17 11 19 8 12 19 18 21 3 3 16 18 10 7 23 14 18 16 25 10 9 25 11 24 22 15 11 18 4 16 15 22 5 3 14 13 15 8 19 13 5 3 11 22 15 8 4 4 5 4 21 15 2 21 2 4 15 8 4 10 19 7 9 3 21 10 21 23 16 19 17 17 11 14 7 19 17 22 19 19 5 25 22 9 10 6 5 21 11 2 0 4 22 18 25 22
16 12 9 13 25 12 22 24 5 9 4 6 23 23 26 23 12 16 21 20 21 17 23 5 13 3 7 14 2 21 16 6 2 2 21 11 11 17 6 1 21 3 2 26 6 2 19 24 22 25 21 25 11 15 16 11 15 6 21 6 17 3 5 2 20 15 15 20 12 12 13 13 7 6 5 7 4 5 8 22 14 9 5 18 8 16 14 0 0 20 0 0 21 12 13 25 11 9 13 21
11 19 21 24 25 27 23 24 23 16 11 10 6 15 24 12 14 8 5 25 27 26 23 26 22 14 18 8 22 27 10 17 8 19 18 9 9 23 12 9 16 9 10 8 5 22 16 19 11 5 8 3 6 18 15 21 3 4 8 19 24 7 12 13 7 16 9 2 2 26 26 17 11 18 10 9 6 24 14 22 20 27 7 10 22 26 21 12 13 2 0 27 27 18 0 0 19 7 11 16
6 5 2 18 11 9 21 2 20 23 18 25 10 8 10 22 20 18 17 15 20 28 18 7 16 23 12 12 24 14 12 9 8 9 20 27 3 3 11 5 7 17 5 9 23 13 16 28 16 9 19 11 23 12 1 1 28 7 4 8 4 13 21 15 6 1 3 22 20 10 19 1 21 6 25 16 15 11 18 2 3 2 8 15 24 19 19 17 12 28 26 10 2 2 27 25 18 18 6 11
25 13 11 17 22 28 15 18 14 16 10 10 2 5 6 3 2 6 0 3 19 10 9 2 1 25 3 2 22 14 22 25 13 28 21 10 10 25 24 26 24 24 22 20 23 16 13 27 26 13 17 16 28 19 27 15 27 16 16 12 14 9 9 25 8 5 7 6 22 12 28 15 17 22 17 14 8 10 28 21 18 5 28 29 27 2 29 27 8 13 23 19 6 10 19 6 10 4 5 11
6 25 2 23 19 19 17 9 17 4 5 5 0 29 24 5 1 0 0 26 21 2 28 4 30 28 18 2 4 5 25 10 24 24 28 16 16 1 1 22 3 12 6 25 27 26 20 4 5 13 17 2 3 20 13 10 13 8 5 0 3 16 10 0 1 1 26 22 20 10 1 25 12 28 29 30 24 21 13 17 19 13 19 25 20 21 25 13 14 8 11 5 6 15 6 6 7 2 10 17
7 23 9 13 19 9 23 8 4 3 5 1 0 27 26 24 2 31 30 19 7 4 4 4 1 13 29 30 4 11 0 5 0 11 0 29 21 26 31 18 0 0 2 23 28 19 9 2 16 1 12 8 31 30 23 16 18 7 31 4 5 1 11 25 20 29 6 17 16 18 18 9 6 7 5 29 28 31 7 5 1 1 6 16 1 0 2 12 0 1 12 31 30 19 30 19 15 2 28 9
30 30 15 5 7 6 11 10 6 28 3 17 5 14 32 24 31 21 20 19 25 19 12 5 30 10 23 28 16 32 17 29 15 11 13 25 22 1 20 21 19 0 24 28 3 1 0 10 1 19 0 0 30 16 11 24 10 3 32 0 1 28 27 10 6 1 1 27 0 15 13 24 22 0 1 1 0 6 1 10 9 28 24 5 3 3 21 2 0 24 0 0 14 16 7 4 23 2 5 9
30 3 32 1 30 23 27 7 4 14 23 3 32 2 33 19 24 27 10 26 16 12 6 2 3 2 2 24 27 28 21 29 24 9 22 3 15 0 0 0 17 6 0 25 25 0 0 1 32 20 26 19 28 17 26 33 24 12 12 15 23 3 2 32 31 28 20 3 3 6 20 15 10 33 28 18 15 22 15 28 18 5 32 28 26 33 24 23 16 13 21 30 8 26 7 23 7 27 5 3
29 33 3 16 29 24 26 31 19 13 2 5 32 16 13 9 9 17 20 6 2 31 20 12 14 3 7 3 3 11 31 32 27 25 22 32 25 12 1 3 5 7 16 18 34 30 11 29 5 27 32 33 29 30 13 9 30 29 18 16 28 10 7 8 24 6 24 31 6 3 4 34 31 15 7 3 1 0 0 12 22 0 0 0 24 6 34 19 27 1 0 25 0 24 15 0 26 23 26 34
33 8 6 26 10 34 30 33 23 30 26 23 22 10 13 35 31 11 34 10 15 31 29 4 34 33 32 12 30 7 12 9 23 6 30 4 1 30 21 19 27 14 35 22 8 14 15 28 26 23 33 14 29 16 11 4 34 20 1 32 16 3 32 24 20 33 19 14 14 12 6 32 28 28 24 12 0 28 17 25 29 18 12 2 0 34 0 0 0 13 12 0 20 20 30 26 20 22 21 33
26 36 17 5 20 2 29 12 29 30 22 15 3 28 18 7 2 35 19 19 14 1 6 2 2 2 4 4 26 10 33 11 5 2 31 31 20 18 31 16 31 23 17 32 27 22 20 32 31 29 25 20 21 19 18 35 35 33 18 34 19 29 17 13 10 33 27 7 28 20 31 28 21 17 27 16 17 14 7 5 32 11 34 7 3 2 4 29 5 5 20 4 13 17 8 5 23 22 23 32
34 5 3 21 18 18 30 35 27 36 24 25 20 20 18 25 19 12 13 23 13 11 16 3 4 3 17 30 2 20 15 4 4 32 34 23 21 33 16 5 25 31 32 28 24 21 22 7 4 17 33 5 3 23 12 24 31 15 9 22 24 18 1 31 10 1 21 28 16 7 18 6 12 2 2 10 0 0 30 28 2 18 6 2 0 16 29 19 3 36 33 12 3 37 32 31 33 25 23 14
23 17 3 3 27 10 20 7 2 18 2 16 12 12 3 17 36 1 3 28 20 21 15 15 25 24 18 16 32 14 18 9 29 10 24 21 20 16 17 12 15 34 33 16 36 38 32 37 26 18 17 13 25 35 29 13 38 19 20 6 6 19 12 10 9 4 31 6 19 0 31 23 19 17 35 27 36 0 10 8 24 32 0 0 0 0 36 28 12 11 0 22 26 12 17 28 34 23 24 10
39 24 4 1 2 20 3 10 39 31 28 38 32 6 4 0 1 26 6 1 1 38 22 7 22 18 12 4 8 3 30 1 12 0 1 0 0 8 30 30 23 20 17 24 7 28 31 32 28 7 27 14 22 21 19 13 9 26 33 17 27 5 26 4 14 3 19 39 29 10 7 0 31 5 0 8 13 0 35 0 0 37 20 19 36 0 0 7 0 0 0 3 38 35 34 24 24 36 23 14
23 11 8 34 4 29 6 19 9 31 28 24 37 23 7 3 10 39 26 21 11 4 30 9 11 38 39 24 11 40 23 12 39 17 17 13 6 27 25 25 10 38 31 38 25 12 37 33 22 39 18 38 21 16 9 37 18 7 23 7 27 26 22 12 11 16 35 5 5 5 17 15 31 20 14 16 3 40 6 37 15 13 4 28 6 2 8 0 26 6 38 11 13 8 35 23 10 22 29 40
35 7 9 40 28 26 30 21 9 40 16 37 11 5 5 18 19 3 34 38 27 30 13 12 3 17 9 7 28 30 26 35 26 33 15 29 22 19 11 29 20 41 7 3 4 5 3 31 23 12 12 23 3 32 3 10 24 29 28 23 10 34 19 33 26 27 22 8 6 4 14 23 11 41 8 0 16 4 4 1 1 0 23 31 17 34 36 36 29 23 25 14 4 0 21 20 9 18 16 11
26 13 15 40 38 35 34 14 41 38 38 32 23 14 35 27 20 30 42 37 41 29 30 31 35 25 20 16 22 39 14 28 16 15 11 32 34 25 26 22 19 13 26 9 34 18 29 26 16 14 15 31 33 30 20 29 26 9 25 36 10 23 12 4 20 20 32 9 6 34 21 1 39 39 5 29 37 5 3 8 34 1 30 1 33 34 27 42 33 12 38 10 18 25 17 6 3 18 13 19
8 16 11 3 18 7 16 19 11 22 9 5 1 1 19 18 2 41 35 11 25 17 17 42 24 43 42 38 29 38 36 30 22 20 8 7 43 40 34 30 41 35 42 28 28 24 23 23 9 11 40 4 32 20 43 24 24 14 26 10 31 24 43 37 22 27 33 22 18 14 30 16 2 40 20 27 28 30 13 7 8 9 6 7 31 18 13 2 4 2 11 7 11 41 1 43 25 17 12 19
10 6 6 4 41 40 34 22 4 3 44 43 24 12 41 7 32 4 1 42 28 22 13 41 11 3 6 42 25 39 26 21 35 37 34 44 38 31 34 33 38 22 22 14 15 42 25 28 37 37 21 31 43 32 36 34 23 21 13 40 15 35 37 16 8 11 31 26 41 30 17 5 29 4 34 33 7 7 0 32 37 26 40 24 0 0 2 18 38 23 17 6 0 24 0 4 32 35 12 9
11 7 12 12 9 41 23 23 42 8 6 4 19 14 11 5 10 16 20 18 44 4 2 3 33 6 30 40 19 22 12 33 6 3 1 37 1 26 30 10 25 8 8 35 34 15 21 32 33 8 11 8 36 18 33 2 26 43 22 19 45 7 39 41 32 29 20 24 21 14 17 32 7 28 11 42 17 12 7 4 31 26 0 22 0 41 15 13 19 16 18 9 4 1 5 14 7 10 38 37
36 46 28 42 38 28 6 27 18 3 21 7 39 20 8 3 37 28 44 20 30 23 11 3 43 17 17 3 1 2 2 3 2 29 14 41 34 2 3 46 29 29 33 32 24 27 22 21 29 7 14 44 40 30 7 46 41 38 36 34 39 19 17 39 31 32 15 26 24 12 17 41 34 10 37 12 10 11 4 34 2 8 32 0 26 4 0 0 27 24 0 44 3 37 3 2 38 36 44 7
27 12 19 37 32 45 12 16 44 38 46 28 29 32 43 42 43 27 18 13 13 47 31 36 21 34 16 41 33 10 3 6 46 41 38 15 39 35 19 13 17 37 22 26 46 39 38 26 38 23 43 36 42 34 24 11 19 22 39 35 8 4 30 11 18 9 6 0 19 42 41 23 0 31 29 0 23 40 9 32 1 40 2 10 28 22 13 7 3 0 1 0 43 47 43 36 19 9 4 4
22 12 38 26 15 7 21 3 25 35 6 14 43 33 40 40 30 37 45 30 43 30 25 41 42 26 24 25 23 27 15 35 42 32 22 46 13 31 40 27 26 43 23 39 25 46 19 16 40 34 13 22 24 17 37 19 6 25 4 29 44 6 4 3 45 6 1 0 27 47 42 29 20 17 22 17 0 37 25 48 42 8 0 0 11 0 0 30 6 18 35 42 35 42 46 41 33 35 43 12
38 10 20 35 7 30 10 8 47 44 47 47 24 23 20 14 10 49 16 43 35 38 29 28 19 24 44 13 17 13 11 8 9 6 46 30 4 6 27 33 27 8 7 37 32 30 33 10 19 18 20 33 45 24 28 36 44 29 38 48 22 36 30 22 46 32 17 13 13 33 17 8 7 1 8 43 3 12 28 30 27 14 0 29 14 0 6 5 15 18 47 30 19 7 19 15 11 22 4 33
33 29 28 14 47 40 29 7 49 48 43 39 40 33 30 30 17 11 10 15 7 28 26 49 29 22 44 22 26 32 20 15 47 13 6 34 33 34 36 44 35 21 21 47 49 40 42 35 21 23 16 14 15 8 24 29 17 6 2 1 45 31 19 15 3 2 39 48 0 48 39 41 0 0 35 36 9 33 0 36 50 44 38 49 44 42 35 38 46 34 30 27 25 16 27 22 20 21 5 29
47 39 28 30 23 8 9 42 30 23 9 34 18 5 48 46 49 31 25 37 27 23 32 38 36 48 34 51 51 38 29 47 40 14 6 40 48 45 24 12 15 9 6 2 4 43 45 51 36 26 11 22 18 20 6 3 18 8 1 37 43 29 41 20 16 19 45 30 34 42 21 1 2 33 17 42 39 37 29 13 36 31 11 13 9 30 9 23 10 42 41 34 18 20 5 2 11 4 2 2
17 38 36 29 40 29 26 50 29 29 20 45 35 20 21 17 16 43 7 41 50 52 25 47 46 20 41 47 42 40 22 20 13 11 15 11 43 29 24 40 32 43 23 9 45 21 8 13 37 27 23 15 9 15 9 2 15 13 1 30 36 26 32 25 47 31 16 27 14 33 33 15 10 9 43 42 37 30 34 10 10 13 8 9 4 32 6 0 34 42 0 0 0 0 31 0 1 2 41 23
24 35 17 31 42 50 43 40 46 51 18 8 11 5 49 50 27 4 1 29 1 3 2 42 47 10 20 6 0 18 27 4 1 9 19 37 0 42 35 49 34 32 35 28 22 16 20 9 49 8 45 19 3 3 1 44 41 52 51 37 26 8 0 44 9 41 27 19 49 12 51 35 11 51 50 23 49 50 33 30 31 44 38 36 27 33 24 19 31 35 19 12 50 36 33 24 8 5 2 2
40 8 7 52 42 29 43 2 16 54 27 48 45 30 41 25 21 28 8 26 3 8 24 17 36 48 18 35 26 23 49 44 41 47 19 32 6 44 4 5 51 50 42 9 20 34 53 39 43 37 35 26 53 51 54 53 45 32 27 16 14 4 4 25 33 44 37 14 48 46 46 19 4 8 7 18 51 36 13 6 48 48 12 19 21 7 48 42 51 41 38 46 42 54 47 25 50 2 44 2
29 15 9 36 4 6 16 26 16 28 3 6 14 4 4 1 5 21 2 46 54 36 51 52 48 32 46 47 44 25 1 27 52 5 37 13 0 3 46 21 23 8 5 19 8 40 43 40 11 53 25 36 52 45 29 50 46 40 22 49 48 44 39 42 25 49 24 51 51 26 24 9 6 39 31 55 11 8 21 39 40 53 27 41 26 24 9 8 9 38 7 4 2 48 11 7 4 24 46 44
22 23 40 9 45 55 7 51 48 32 50 19 4 5 22 28 42 19 25 2 48 55 44 3 18 18 7 18 33 34 51 56 45 53 51 24 34 50 54 48 33 25 34 9 12 48 49 32 18 5 7 4 41 20 1 0 53 12 7 51 28 20 16 13 18 25 46 56 48 44 39 16 15 12 18 54 52 48 27 14 4 30 5 1 1 33 14 4 53 32 20 56 29 28 39 34 38 40 27 36
14 40 27 19 31 49 41 50 44 34 26 25 56 56 20 32 25 37 26 12 12 15 51 9 28 11 15 11 11 9 11 47 43 11 25 5 34 29 53 4 4 28 39 15 2 1 51 49 57 14 20 11 23 48 43 32 23 24 57 13 21 55 36 47 25 25 18 27 29 3 1 0 0 16 0 0 0 47 12 0 0 0 52 54 50 33 2 0 35 1 0 34 4 33 39 27 47 30 26 10
15 9 21 55 12 45 21 37 12 5 17 54 56 58 52 55 56 32 28 30 15 44 6 4 53 3 13 50 25 56 51 20 7 3 16 31 48 36 10 29 17 37 22 40 40 37 40 37 58 46 49 26 16 4 10 27 10 9 42 22 24 6 8 54 41 8 4 40 42 18 54 38 36 22 21 30 18 19 10 45 1 0 50 44 30 12 0 47 0 0 56 28 44 56 36 10 28 21 2 41
21 50 49 52 42 54 56 33 32 51 21 40 18 45 46 52 43 41 35 23 41 11 55 53 44 22 46 46 50 20 14 37 37 18 9 5 28 43 23 58 18 11 54 9 38 8 50 40 46 3 11 46 57 33 31 47 36 5 0 1 30 24 34 57 23 19 20 7 6 31 33 46 26 55 3 50 46 4 1 56 57 1 37 0 2 41 59 19 49 45 18 59 26 46 17 56 38 25 40 20
19 56 13 32 24 55 44 34 26 57 53 46 9 54 13 8 8 15 47 15 41 30 24 43 42 31 21 11 9 51 56 33 39 53 47 14 27 20 20 56 53 46 33 18 13 21 10 52 33 37 36 46 12 6 2 1 30 58 29 29 7 2 0 45 1 46 5 3 40 53 46 18 0 56 26 0 41 0 51 24 52 46 37 54 21 22 27 23 14 7 5 43 3 5 31 33 31 58 48 30
39 9 12 6 35 41 42 5 6 43 59 60 43 58 46 39 33 21 19 7 48 17 13 18 54 19 22 34 58 53 47 31 9 41 26 0 19 2 1 39 53 39 60 18 34 50 44 30 18 9 32 39 34 17 15 54 6 2 0 17 54 33 50 56 43 40 33 61 32 46 40 48 30 35 30 15 17 43 11 61 16 26 7 17 52 51 21 47 55 1 31 45 11 57 54 41 45 22 41 8
14 44 11 40 41 49 38 55 39 34 25 21 4 25 10 50 8 9 3 3 8 13 18 4 2 6 61 54 34 47 22 13 11 48 5 13 4 28 25 31 2 22 54 23 49 46 2 26 19 1 31 35 12 9 60 26 47 52 44 55 51 43 24 19 15 19 1 57 34 31 53 55 52 31 28 8 52 51 40 16 23 54 20 57 27 12 44 20 56 52 14 62 20 46 16 49 46 62 15 5
19 51 32 8 8 48 55 58 52 28 60 39 18 12 15 9 62 52 31 25 22 19 10 61 62 10 12 56 51 42 62 39 54 40 63 24 51 25 16 40 8 22 39 24 24 11 45 45 39 7 3 2 41 53 23 24 14 7 1 43 27 63 54 55 46 42 29 45 41 56 49 60 55 56 42 44 37 33 29 61 39 28 19 18 14 46 34 7 10 4 55 14 10 40 2 51 52 53 46 16
55 20 56 23 23 59 30 57 29 17 21 60 16 32 41 28 30 7 58 34 32 55 44 61 14 11 48 28 10 24 39 33 64 15 48 39 45 51 28 46 20 42 36 33 28 48 63 46 64 35 34 19 20 48 39 45 46 34 53 19 13 17 6 34 10 12 36 7 58 58 22 18 47 21 25 11 34 30 27 6 34 11 15 23 10 6 35 58 53 42 54 30 47 5 5 24 31 13 12 5
34 49 56 53 31 27 37 31 57 25 22 20 3 9 16 23 8 3 31 45 36 50 59 38 37 43 58 21 7 9 44 3 5 25 55 4 23 38 63 57 42 52 56 47 39 59 34 48 49 18 37 64 18 29 15 8 6 11 31 37 63 37 37 21 20 14 9 5 1 1 15 17 52 51 48 26 56 1 1 1 55 35 64 58 22 59 9 4 47 64 55 6 7 0 62 25 19 33 22 2
38 55 26 52 60 53 37 30 11 54 36 32 28 49 21 22 29 60 24 18 43 48 36 26 20 15 21 11 48 55 59 46 42 46 53 31 35 28 24 17 24 50 12 3 23 41 5 64 61 42 21 35 27 42 46 49 38 23 11 2 1 17 32 0 19 35 0 0 16 65 48 44 50 58 47 45 40 39 22 54 31 26 15 32 29 11 62 64 37 25 66 53 43 25 32 44 43 30 23 6
16 42 22 42 8 31 46 13 6 59 8 13 6 7 6 25 46 6 3 54 8 56 55 22 36 48 4 20 51 19 62 60 63 30 5 50 36 49 60 33 11 59 6 2 39 1 34 2 4 50 28 2 3 66 39 4 64 64 51 51 28 20 12 4 19 62 16 16 48 67 62 51 27 25 29 52 25 20 10 48 44 64 27 11 39 27 7 43 2 2 41 47 0 8 22 20 48 26 17 66
62 16 25 8 45 11 11 33 9 52 46 32 66 52 25 35 22 9 15 35 19 18 50 44 14 12 12 9 25 52 4 25 20 58 15 48 8 63 13 65 59 30 17 19 25 39 21 23 10 22 68 17 46 32 67 40 39 38 63 52 46 50 25 26 48 68 27 12 9 57 68 41 7 40 37 11 8 12 43 54 30 21 8 9 65 5 5 52 22 2 3 0 34 0 2 44 30 64 35 10
19 11 17 10 11 12 32 9 57 40 31 22 26 19 29 14 53 32 16 8 5 36 9 8 6 45 57 24 16 60 69 61 41 60 22 16 64 11 12 56 59 27 52 53 32 58 25 27 37 13 66 11 5 18 61 6 19 22 51 66 65 64 30 22 8 65 14 7 1 58 30 13 5 43 61 33 2 1 0 47 33 12 52 32 20 22 10 0 0 7 58 51 23 47 3 17 6 8 0 2
18 58 27 60 39 62 20 45 34 6 60 62 60 40 25 12 66 35 69 61 47 31 28 21 20 14 19 57 48 47 21 9 2 16 12 1 31 13 2 11 22 7 39 33 59 47 61 37 49 28 60 54 38 34 31 20 66 59 22 65 67 54 50 43 43 51 37 30 29 29 34 70 26 25 29 26 40 47 54 17 68 64 51 46 52 70 57 55 54 27 23 28 70 16 12 12 6 4 18 2
37 54 61 61 55 60 54 45 36 44 50 34 25 35 31 22 45 12 18 61 18 16 8 61 51 3 50 39 37 30 70 66 16 3 47 15 48 61 58 71 25 25 32 3 43 36 51 32 59 41 48 11 23 40 68 8 0 37 20 8 25 6 1 62 7 48 28 41 63 24 39 42 22 21 63 39 36 70 71 58 25 26 26 18 10 29 14 71 49 42 34 56 48 37 1 5 49 53 29 2
61 48 47 43 32 33 34 39 17 43 71 50 46 35 43 70 64 32 27 41 40 52 56 54 43 50 36 32 36 64 25 46 27 28 14 12 9 6 8 2 0 57 21 14 6 69 68 65 67 49 70 56 43 31 63 52 22 16 63 37 14 19 11 55 31 11 37 38 39 27 29 68 71 23 66 35 23 24 58 6 64 8 25 13 64 10 11 1 6 14 19 0 4 1 12 0 5 1 54 2
12 9 12 70 66 25 17 14 69 65 38 26 32 24 62 44 37 7 18 7 42 55 23 30 68 55 72 27 27 12 4 23 21 51 5 19 61 31 32 8 7 30 2 22 2 2 14 39 2 3 26 1 57 45 1 31 33 62 25 56 61 25 17 3 59 7 0 31 17 0 22 27 6 0 0 0 50 71 44 9 46 23 3 31 0 0 0 0 2 14 73 58 37 72 21 14 4 1 6 65
74 26 10 5 6 74 9 71 29 3 39 50 73 30 27 29 35 8 3 26 3 30 18 57 41 70 54 64 30 67 56 49 53 40 36 17 33 20 24 17 0 2 2 1 4 33 32 58 27 31 2 59 0 57 1 27 62 57 50 39 28 26 51 23 17 65 12 5 65 33 24 66 58 61 24 42 37 33 0 0 67 48 26 11 47 33 61 49 24 9 0 58 11 4 61 55 68 1 64 9
43 71 27 44 37 56 24 40 74 41 40 57 58 27 62 34 56 26 21 13 10 15 43 10 56 53 67 69 57 70 63 51 33 34 60 38 26 55 31 49 46 66 49 27 20 75 72 65 65 65 56 48 41 36 73 31 60 27 15 9 68 6 73 38 45 43 20 10 2 1 0 53 33 35 73 68 54 34 0 13 0 23 0 0 45 0 1 63 54 33 1 19 0 0 0 14 19 1 0 31
30 11 47 7 7 8 8 15 38 5 5 25 7 9 26 16 52 15 74 50 54 40 33 27 67 66 37 27 34 21 69 43 76 57 65 44 63 37 33 48 55 65 65 67 43 40 44 34 24 23 27 18 18 64 21 11 5 10 34 72 31 32 36 74 32 33 68 32 5 73 61 16 22 15 45 36 7 8 75 49 6 26 58 20 13 1 69 70 54 68 65 46 55 61 51 38 68 57 48 38
18 63 22 9 10 39 15 41 75 74 76 42 40 35 66 75 59 61 32 17 72 70 66 57 43 74 30 72 53 53 48 14 56 12 56 8 7 34 5 8 61 54 71 65 41 37 35 52 32 73 32 77 31 60 27 59 17 24 53 11 21 10 39 76 52 47 36 30 16 30 8 15 7 33 29 6 31 24 6 4 0 1 58 45 5 24 65 72 25 73 25 50 35 72 36 30 41 63 52 59
20 13 75 65 73 53 76 41 33 73 26 66 54 12 7 5 43 69 29 16 6 72 12 25 65 10 15 6 72 49 78 64 43 2 67 0 15 2 5 32 0 5 2 73 22 2 6 4 27 60 19 45 11 12 55 64 26 72 69 27 34 18 64 12 63 40 20 8 37 28 54 63 77 52 35 59 60 48 61 77 43 60 28 31 55 29 51 28 20 58 18 44 35 73 54 52 53 38 43 57
35 41 55 34 37 44 49 30 15 18 63 61 56 78 60 54 71 68 57 55 56 41 67 44 39 75 38 57 46 36 51 77 28 70 36 34 27 75 74 69 42 24 48 36 29 19 17 20 77 62 75 52 73 61 63 37 76 43 69 44 20 48 20 69 15 20 12 51 17 13 6 76 69 63 23 8 73 76 55 47 55 48 40 30 48 59 15 39 72 46 67 33 30 38 70 45 37 35 23 27
47 14 25 59 43 10 75 67 47 41 38 35 44 11 10 26 11 74 75 15 9 9 8 35 63 15 25 16 48 50 67 31 42 59 29 80 61 39 38 22 18 78 72 29 66 55 50 45 41 77 44 40 42 39 39 26 60 38 32 57 47 56 25 22 16 25 25 50 19 14 8 3 6 2 2 64 56 62 4 37 74 37 2 68 53 49 47 3 79 70 68 62 69 38 26 57 76 44 78 34
43 36 17 28 16 56 19 54 21 67 64 39 35 27 24 66 73 78 41 75 48 71 31 25 21 64 39 73 23 24 14 14 13 74 63 81 80 53 75 52 69 56 38 60 24 74 78 41 25 21 69 25 55 32 20 14 9 34 39 64 51 44 49 30 79 76 76 78 45 43 29 15 21 78 65 58 21 78 21 62 66 55 33 46 12 26 44 67 56 79 67 37 34 78 63 52 80 27 27 24
77 57 62 46 22 29 76 47 70 67 69 78 65 47 61 62 53 77 48 16 8 31 63 11 79 21 20 33 77 76 72 65 57 51 50 36 63 41 54 37 40 39 42 53 58 61 39 31 23 33 21 15 73 58 70 56 72 60 56 37 49 43 53 43 40 38 38 34 35 30 25 14 46 49 24 20 47 27 77 33 20 67 54 35 12 67 17 54 68 73 69 47 38 46 36 66 33 21 21 65
44 31 81 27 22 10 59 7 11 9 64 57 29 9 72 18 27 10 11 57 82 14 64 8 6 83 78 59 46 22 44 9 82 31 53 78 77 58 60 40 38 31 56 30 64 32 50 29 50 59 46 42 22 83 68 63 49 47 30 57 16 81 7 5 4 69 10 71 6 4 3 4 7 4 63 69 43 78 49 50 73 43 33 13 37 64 13 10 76 48 71 16 12 9 12 10 54 64 55 79
21 81 62 10 42 37 12 67 34 33 5 35 3 8 38 29 12 73 25 15 14 12 54 42 21 45 38 23 42 27 65 61 69 64 53 37 73 73 34 23 83 24 63 32 35 34 59 48 56 45 18 51 74 18 62 43 34 16 8 18 74 42 51 17 69 39 10 69 81 44 43 25 18 2 25 81 83 64 56 48 72 60 32 35 7 53 74 37 76 79 70 60 53 35 22 23 56 13 37 59
22 14 15 12 76 23 25 6 12 7 9 15 7 56 10 48 54 31 68 67 76 52 43 64 65 29 27 71 51 47 82 61 56 54 23 19 8 11 44 37 14 10 84 27 16 10 70 6 6 36 66 5 11 3 6 3 80 46 18 2 3 4 2 5 50 0 4 1 36 2 9 21 68 82 61 61 58 44 38 13 43 72 64 66 56 64 61 59 55 49 78 41 31 70 37 33 11 6 47 23
81 50 18 57 81 86 63 52 46 33 11 16 78 48 57 33 58 78 38 21 65 32 13 76 11 2 4 20 3 6 4 32 3 71 49 6 4 44 43 49 31 8 9 43 4 46 78 52 82 62 69 66 35 27 8 28 73 68 66 54 26 40 49 25 78 14 11 53 0 37 45 77 55 21 18 18 69 5 81 10 10 78 51 44 21 15 71 80 60 67 60 72 83 21 46 21 55 73 77 47
30 37 21 16 19 69 87 65 87 58 46 42 83 62 28 72 77 16 67 61 64 39 32 15 70 82 69 33 75 66 29 13 19 75 64 79 53 21 61 18 71 79 42 71 42 83 85 52 34 75 36 51 22 68 54 32 10 87 66 78 72 52 39 45 45 33 25 12 53 65 11 26 9 4 38 4 63 13 82 84 56 58 43 87 35 41 79 70 44 78 29 50 26 76 18 11 6 5 24 19
64 51 72 60 74 53 71 57 24 33 62 25 87 73 61 62 81 73 10 8 88 83 74 58 36 18 52 29 32 78 23 23 79 76 55 84 5 52 43 88 9 9 6 55 26 40 57 60 34 38 35 72 59 58 51 22 19 22 13 0 42 48 26 0 2 63 30 2 9 56 69 64 38 16 43 4 40 24 18 66 8 18 14 11 31 18 16 70 87 84 14 7 9 49 2 7 18 4 82 13
30 59 24 61 55 51 61 87 75 86 58 87 55 45 76 45 84 42 38 38 28 27 17 16 47 35 86 18 51 15 37 46 30 20 9 11 14 16 44 45 15 42 85 49 79 43 18 50 79 12 11 8 77 7 21 29 3 1 9 2 64 45 15 11 12 35 35 7 0 29 0 74 83 70 77 63 56 83 40 27 72 35 13 7 84 10 54 78 55 35 84 68 45 82 21 29 32 60 44 51
62 19 18 15 42 89 44 26 9 42 45 84 36 10 26 7 90 75 7 59 38 8 10 61 42 43 77 16 13 71 58 12 85 60 53 8 48 76 27 6 49 71 65 55 30 15 12 7 22 33 64 14 2 76 89 0 49 68 0 38 32 4 0 1 23 52 72 80 41 64 58 29 24 14 26 3 87 60 57 32 32 36 5 18 77 83 72 89 46 44 49 85 27 16 3 8 24 25 53 17
91 47 21 16 12 15 37 34 91 58 89 62 61 48 36 33 16 91 32 70 62 61 25 54 39 17 80 13 85 89 7 6 79 50 23 18 53 28 9 32 42 6 6 46 28 7 64 3 36 30 4 47 44 49 86 66 37 42 31 19 11 24 6 9 9 48 2 4 4 69 79 5 44 4 22 10 78 33 42 18 13 63 36 24 40 22 41 69 26 77 18 78 83 65 83 60 83 79 52 11
83 83 78 52 92 73 37 22 47 39 24 57 84 57 70 91 58 52 54 43 16 67 88 92 67 41 81 68 52 54 35 29 24 89 87 61 58 78 77 66 61 75 88 74 52 48 44 70 92 64 53 43 69 66 36 49 89 90 57 82 46 86 25 31 53 30 75 27 29 20 17 10 55 37 11 41 20 67 51 12 53 73 41 86 33 14 57 32 71 17 78 70 74 80 25 45 31 43 33 8
93 84 77 93 44 28 68 89 11 13 19 21 45 20 80 15 16 82 15 10 9 73 37 71 80 82 69 78 85 78 68 67 61 55 70 48 92 60 77 51 57 68 83 44 75 60 43 42 31 35 36 35 37 33 33 91 70 63 53 53 72 46 54 74 72 74 45 28 32 24 28 22 61 85 62 32 25 37 24 19 25 47 20 28 17 13 89 52 84 40 43 78 24 59 25 28 24 20 13 26
85 82 75 60 33 21 64 53 24 27 30 80 91 76 16 87 26 43 28 25 48 21 59 11 31 25 39 15 15 11 12 47 86 84 79 23 87 42 89 82 94 74 77 29 58 27 24 80 68 81 49 38 33 93 48 76 65 69 63 57 30 34 32 29 10 89 46 83 65 16 28 10 13 9 9 84 65 59 14 8 16 9 57 15 81 47 20 91 78 46 32 78 22 39 92 20 59 20 64 38
32 26 48 28 78 47 31 77 50 11 26 84 82 68 54 67 95 69 80 63 77 60 45 35 30 86 61 63 43 84 39 37 33 36 75 75 74 93 72 94 59 43 33 21 19 95 92 92 75 47 36 83 39 72 20 74 10 63 52 35 11 90 92 90 77 74 55 25 81 10 59 37 10 9 85 57 33 13 14 57 61 11 94 46 26 84 61 78 71 81 54 32 27 12 14 17 92 51 59 60
66 46 41 28 66 85 61 73 45 29 27 23 93 42 38 10 12 9 9 42 49 50 67 33 8 40 12 35 58 59 69 36 19 75 54 57 47 82 88 67 68 45 45 34 20 90 9 57 15 58 9 49 66 63 8 30 4 91 81 70 52 36 55 11 49 16 65 6 79 61 3 3 6 54 4 59 5 8 15 9 85 48 29 76 35 35 34 74 30 90 81 20 19 11 92 16 22 76 29 38
88 74 94 64 31 29 44 17 25 17 28 29 83 26 54 25 97 96 48 43 96 84 80 62 42 80 49 83 60 47 93 86 83 58 88 76 66 61 64 47 46 77 48 28 24 94 58 60 38 68 48 39 32 78 69 49 74 33 36 30 24 19 21 41 83 40 65 28 93 97 24 63 45 20 28 24 67 78 77 60 24 28 20 78 14 12 76 93 74 73 61 11 11 92 7 15 27 87 72 43
86 12 16 74 97 17 17 10 77 10 14 93 61 49 27 29 15 90 56 93 77 21 8 40 10 92 78 39 7 51 5 20 91 84 67 4 3 56 31 11 62 39 12 5 29 29 25 8 65 10 13 13 14 97 7 11 84 66 69 84 25 85 37 28 48 44 36 33 64 23 31 30 84 62 17 77 14 78 69 28 87 42 84 86 81 84 79 79 73 55 59 32 32 24 92 31 93 61 79 14
77 72 30 21 20 26 97 89 24 41 33 57 13 76 17 14 93 85 69 92 70 70 26 37 32 80 29 92 30 50 25 29 33 46 44 42 40 30 99 84 83 67 38 22 71 29 46 20 17 54 17 15 19 9 10 10 8 82 86 60 74 68 59 50 89 48 49 41 37 73 77 97 60 30 21 70 23 61 97 55 85 52 76 64 71 10 85 36 20 33 83 23 17 82 75 41 24 19 6 10
0 0 0 0 0 5 0 1 7 9 4 4 4 12 3 3 14 6 3 2 8 7 19 7 3 12 2 21 14 2 23 7 3 18 19 4 28 24 33 33 27 31 22 20 42 19 19 15 38 45 17 15 12 12 45 29 8 35 35 7 60 30 58 16 59 22 40 40 14 59 50 63 72 61 60 47 45 44 29 26 26 26 26 26 40 36 54 31 67 38 59 55 71 60 52 35 18 90 17 16
0 1 2 2 2 1 1 4 5 1 8 9 6 12 7 4 12 13 6 4 4 6 4 14 4 9 22 21 12 7 3 2 8 1 28 23 11 6 1 38 1 1 1 42 42 30 15 10 10 39 10 45 9 42 13 39 21 37 20 54 16 56 62 51 15 34 13 35 31 62 38 55 37 57 35 40 33 21 42 32 16 48 73 34 32 29 15 68 68 13 58 87 80 26 60 67 18 46 12 12
0 1 2 1 3 5 0 1 8 8 10 8 8 2 2 6 2 16 16 8 18 4 5 7 22 21 16 11 10 8 22 20 29 20 9 9 33 15 9 11 33 40 28 24 25 38 21 20 20 47 25 42 19 17 16 16 15 57 55 54 52 50 54 42 40 40 48 54 48 45 69 35 34 34 33 47 33 29 29 45 33 62 29 70 77 48 33 27 86 26 25 61 61 74 58 54 40 94 68 58
0 1 2 2 2 1 1 5 5 0 7 6 12 11 11 11 11 6 6 14 6 5 18 18 22 1 1 2 26 15 6 6 5 0 1 15 0 0 0 0 0 26 0 0 1 33 28 25 21 33 32 38 32 21 45 21 52 18 17 59 39 14 14 14 50 6 15 56 5 26 49 24 29 13 24 35 11 8 68 66 75 54 78 19 72 78 76 76 88 70 56 81 53 60 36 35 37 93 41 35
0 1 2 2 2 4 2 6 5 1 1 1 8 12 3 5 11 16 18 16 15 15 12 12 11 15 11 6 17 8 16 8 6 17 11 11 8 37 31 27 29 18 17 6 6 41 32 19 22 21 8 28 42 6 50 43 42 42 35 56 54 50 46 63 33 28 24 21 68 11 10 15 68 61 35 11 64 34 64 49 25 54 43 44 54 43 52 55 42 53 37 41 37 46 81 53 46 44 68 36
0 1 2 1 1 5 6 5 5 2 9 6 8 8 7 12 7 14 7 18 5 4 12 19 19 15 23 15 11 19 7 27 29 24 17 15 13 36 12 11 5 27 4 7 3 3 2 2 22 12 2 3 7 50 44 50 44 38 53 38 34 59 60 59 33 31 25 61 22 19 55 31 60 47 54 40 36 35 23 46 41 23 31 21 59 37 41 36 78 76 62 50 69 66 49 68 84 68 40 88
0 1 1 1 1 0 2 0 0 0 1 9 6 2 13 9 5 3 13 5 3 19 4 23 20 16 12 25 23 19 12 30 22 23 20 14 10 34 30 24 11 9 38 7 33 21 16 35 31 31 47 51 52 52 48 47 46 42 41 39 29 61 46 25 39 25 62 41 23 21 17 33 22 48 21 30 37 67 67 32 22 19 21 50 84 57 45 74 57 51 82 73 65 44 75 39 28 82 89 90
0 1 2 2 3 3 6 5 3 3 3 3 2 9 2 2 3 10 17 17 12 9 4 20 20 13 21 19 12 5 12 5 7 33 32 22 25 21 13 22 8 19 38 32 20 18 43 28 17 19 14 47 9 11 18 12 39 44 45 48 54 50 39 39 22 61 19 35 52 18 39 70 59 33 25 21 62 41 49 49 22 75 57 20 56 39 31 36 34 24 89 50 41 32 88 34 32 27 48 98
0 1 2 2 1 1 2 1 3 4 3 9 7 11 8 6 1 1 12 19 15 1 16 11 4 1 13 6 1 1 1 7 7 1 32 18 8 1 9 1 1 17 40 27 21 20 12 46 46 24 49 30 11 49 25 12 10 16 29 46 58 27 23 29 57 15 24 15 21 14 10 61 44 36 74 47 26 51 73 27 73 12 40 40 10 9 28 15 9 48 20 58 41 73 17 7 5 30 93 73
0 0 0 1 0 0 3 5 1 5 3 7 7 13 3 13 9 15 17 16 13 9 17 18 8 11 26 17 26 10 20 18 8 33 8 25 11 10 38 38 39 33 26 37 28 20 13 8 42 6 38 25 6 6 4 43 24 55 48 59 42 42 41 41 39 20 36 38 46 56 15 45 14 13 47 42 31 36 72 44 31 32 75 79 61 31 77 51 31 73 15 50 15 81 64 82 53 43 41 74
0 1 2 1 1 2 3 7 4 4 8 5 9 8 6 7 12 16 16 12 13 9 17 19 15 24 8 26 26 19 27 19 27 19 21 19 15 12 11 15 10 10 8 28 7 41 14 11 8 13 21 49 44 24 20 28 47 14 14 57 16 14 55 53 56 15 19 23 60 59 30 65 54 48 48 27 24 23 21 19 76 46 78 61 58 55 75 66 73 66 82 53 66 55 52 45 82 45 97 76
0 1 1 1 1 4 2 3 8 4 7 7 8 4 7 13 16 15 7 7 17 13 7 5 5 14 25 10 8 8 28 23 5 3 21 25 25 9 25 37 9 36 23 16 8 6 3 3 3 49 43 40 29 3 3 44 40 40 15 11 47 40 29 16 59 20 61 44 67 49 11 11 46 25 56 23 16 69 50 74 59 32 32 70 80 61 36 67 29 25 23 21 76 38 16 79 91 70 88 56
0 0 0 1 2 3 5 7 4 9 9 9 4 13 8 11 6 4 4 4 4 14 9 23 19 24 12 25 9 16 24 30 21 7 8 21 21 4 36 26 26 40 33 25 22 39 28 46 27 18 37 44 39 37 48 27 20 20 14 17 18 31 14 29 13 61 13 66 46 63 16 37 15 13 19 12 73 12 63 74 24 61 74 31 24 24 22 68 67 67 59 48 64 26 32 85 65 92 56 62
0 0 0 1 0 0 0 0 3 3 0 11 6 0 2 12 0 4 12 13 16 16 12 19 3 0 0 0 3 0 9 0 5 6 18 7 33 22 9 24 39 39 37 24 22 21 46 10 16 20 10 41 28 42 37 34 19 9 28 25 42 35 37 14 24 52 24 12 29 62 50 35 48 50 13 72 62 59 52 47 27 74 82 71 61 63 49 25 32 25 22 47 44 30 30 35 37 88 74 83
0 1 2 3 2 5 6 2 3 5 6 5 10 12 12 14 12 15 16 8 8 17 17 12 18 15 14 10 6 6 8 6 30 23 8 28 31 22 19 30 37 8 14 38 26 9 7 8 7 23 49 14 22 9 9 50 8 44 54 50 49 41 38 38 35 53 33 24 60 50 65 29 51 46 28 63 52 34 32 28 21 51 40 28 20 74 64 43 38 46 36 25 78 85 57 82 47 46 38 83
0 1 2 2 2 2 3 5 7 5 5 4 6 11 11 11 15 13 17 14 7 5 5 6 7 20 8 21 22 27 22 18 18 14 13 12 11 10 33 25 9 33 9 8 8 10 26 18 31 48 39 49 13 11 28 27 12 14 50 51 33 57 22 50 63 64 61 58 37 35 22 22 65 70 63 65 72 63 62 48 49 64 47 68 49 47 42 41 40 64 58 43 59 43 40 68 77 40 54 64
0 1 2 2 4 3 1 6 6 6 9 7 6 6 11 9 13 9 3 19 16 3 21 3 3 3 3 3 3 15 27 15 14 14 2 12 10 7 1 25 35 29 36 27 26 22 27 15 28 43 20 36 24 9 39 20 9 9 3 3 1 19 11 1 1 54 53 38 24 6 2 65 9 30 21 11 60 70 62 73 34 62 48 47 70 29 28 52 24 77 24 47 85 44 35 61 30 26 38 62
0 0 2 2 2 0 6 0 3 0 9 10 8 7 5 9 6 3 17 6 6 13 8 12 0 0 22 11 1 18 2 31 30 16 33 32 28 11 16 6 29 15 13 5 25 9 38 9 36 42 22 23 48 10 12 52 51 31 30 29 52 20 16 10 60 42 65 55 51 54 30 62 65 63 67 55 39 29 8 33 15 76 51 47 30 15 14 7 7 11 40 9 52 81 60 30 24 23 18 43
0 1 2 3 3 3 3 5 4 4 5 6 7 7 7 11 9 13 9 8 18 9 12 22 13 21 10 11 12 13 16 24 23 15 29 35 34 27 23 22 19 36 19 28 27 19 19 22 46 38 19 19 16 48 34 29 46 42 35 29 27 60 60 54 44 55 65 56 64 36 64 54 48 48 47 30 29 29 74 72 63 81 59 28 69 64 37 50 30 24 26 24 66 44 94 78 34 85 87 82
0 0 2 2 1 1 1 5 6 6 6 5 11 11 8 4 8 3 3 3 3 2 22 17 18 18 17 14 14 25 17 31 29 32 12 26 20 35 6 11 4 4 4 4 26 3 2 35 3 40 35 5 14 2 19 12 33 2 54 17 5 5 5 42 51 17 5 50 60 50 26 38 20 17 69 70 17 15 73 75 62 20 64 20 71 68 48 49 59 44 40 33 37 25 79 30 92 72 71 58
0 0 0 0 0 3 3 7 5 3 5 8 8 8 7 6 6 14 15 7 3 18 8 19 10 10 10 7 20 5 24 15 12 9 33 32 4 2 1 29 0 6 26 0 43 26 39 34 26 15 4 7 20 28 28 27 20 4 23 41 21 15 1 62 62 34 31 61 23 59 14 47 69 22 12 65 6 4 27 5 12 4 57 64 12 76 3 51 35 78 22 78 78 66 60 47 50 41 35 91
0 1 1 0 4 0 2 2 1 9 3 3 7 11 10 8 8 8 10 15 6 20 7 12 18 9 20 6 8 4 4 6 22 22 16 33 36 30 22 33 37 19 14 13 37 32 20 15 44 44 39 13 13 11 18 16 14 33 16 31 33 61 50 49 36 28 48 19 14 11 54 22 50 47 18 12 69 19 37 30 21 16 11 53 51 69 45 37 19 52 35 26 16 79 36 95 22 17 55 96
0 1 2 1 1 1 2 7 5 4 3 7 10 13 7 4 12 16 6 4 14 13 14 14 9 20 21 19 11 9 9 26 23 18 8 15 36 33 37 5 7 7 14 42 42 39 42 17 9 13 8 27 35 21 43 44 39 56 25 29 11 56 56 23 12 55 66 62 62 68 46 69 29 56 74 61 60 59 70 50 79 54 65 65 53 40 38 36 58 53 36 63 71 59 27 85 76 55 76 89
0 0 2 0 0 0 3 0 5 3 9 1 2 11 14 15 14 9 9 10 5 3 17 17 4 18 4 19 28 24 19 25 19 32 16 24 23 37 18 12 12 40 36 40 13 11 10 7 27 27 38 30 26 50 20 46 27 24 12 6 59 56 48 48 40 53 53 26 18 46 19 57 67 42 38 45 70 63 61 37 57 62 37 53 45 62 60 80 49 27 26 76 25 25 47 25 25 24 87 70
0 1 2 1 1 1 1 6 2 7 3 7 2 2 6 2 2 10 18 2 8 13 13 12 5 12 11 8 15 6 6 4 4 29 10 6 4 8 4 3 3 2 2 34 26 43 43 9 9 17 28 24 35 51 49 50 49 51 50 40 21 46 61 57 54 52 62 48 33 40 57 27 57 25 68 22 35 28 17 24 17 14 41 26 73 50 40 17 83 50 14 34 14 14 14 82 89 88 80 82
0 1 2 3 3 3 4 3 5 8 9 10 3 3 11 12 7 7 18 11 14 14 22 14 7 24 12 25 24 12 10 22 5 17 16 30 6 5 17 15 17 9 34 23 4 4 14 35 28 15 3 10 3 3 48 45 3 52 12 16 47 36 16 38 58 25 25 18 60 42 60 66 57 57 55 57 42 39 34 59 55 72 72 68 36 83 73 34 29 22 22 74 60 20 16 27 91 82 97 90
0 1 2 1 4 1 5 6 1 1 0 0 9 11 13 11 8 10 12 12 13 10 20 9 9 4 2 14 0 17 15 6 0 4 24 17 11 22 5 1 28 5 6 43 14 7 32 42 37 45 36 46 17 29 35 30 30 17 46 17 40 17 16 14 55 38 44 52 36 42 30 41 29 26 18 17 15 15 37 74 30 36 28 59 49 59 49 13 13 67 13 13 75 43 52 92 37 44 63 87
0 1 2 2 4 4 4 2 2 1 1 1 1 6 12 5 5 4 1 18 17 16 15 19 10 9 11 4 16 25 1 12 4 16 10 8 4 24 11 9 19 1 1 1 1 31 23 18 5 3 2 1 1 35 33 42 1 1 21 43 55 25 36 34 28 39 21 6 6 66 67 49 43 50 29 26 21 62 56 67 55 81 37 33 63 79 58 33 35 10 8 87 92 54 11 6 70 37 51 74
0 1 1 3 3 3 5 2 8 8 9 11 6 6 6 14 11 14 16 10 18 21 17 11 11 19 9 9 27 7 7 6 6 6 22 34 5 4 8 4 4 25 4 14 41 20 28 47 27 16 39 23 38 11 4 4 55 17 14 22 12 42 57 41 24 10 8 61 57 37 54 13 64 29 70 46 45 32 68 15 15 9 43 55 77 68 55 51 40 85 81 43 26 23 88 89 67 75 36 78
0 0 1 2 4 5 0 4 3 2 0 0 0 1 0 0 0 8 0 1 16 10 11 6 2 23 3 4 26 18 25 30 20 33 27 20 14 36 34 37 35 37 34 26 33 23 20 46 43 24 32 31 48 30 49 35 51 30 29 28 32 27 25 57 27 15 13 26 57 36 69 40 53 51 39 35 21 18 75 64 31 11 79 80 79 19 80 72 25 41 56 52 25 33 56 23 32 27 27 69
0 1 1 2 2 2 2 2 5 2 2 2 2 13 11 6 2 2 3 18 15 6 22 13 24 21 16 7 11 9 21 17 26 27 32 19 17 12 11 29 10 18 15 38 40 38 28 18 17 26 32 14 13 36 29 30 29 23 22 15 15 44 36 14 12 20 64 57 50 41 21 64 49 63 74 72 63 51 50 46 43 41 55 69 65 63 72 41 40 35 34 34 34 45 32 32 30 30 55 81
0 1 1 1 3 1 4 2 1 1 1 0 1 13 13 14 3 17 17 14 9 6 4 12 4 17 23 26 9 14 4 12 5 21 7 32 26 31 38 25 8 8 11 33 38 30 23 15 30 14 26 24 52 50 40 36 33 23 56 21 20 14 37 51 48 54 26 47 47 47 46 37 35 34 27 66 67 65 39 34 21 20 43 56 25 30 28 46 25 24 44 89 82 59 90 65 48 35 90 69
0 1 0 0 0 0 3 4 3 7 0 7 2 10 14 11 15 11 13 10 15 10 8 8 22 9 16 20 9 28 13 27 12 9 12 29 20 2 18 19 18 0 30 40 2 2 2 12 1 25 0 2 49 24 22 42 18 9 56 6 8 57 54 29 21 10 14 54 15 41 33 57 53 18 17 21 17 26 16 44 31 75 70 31 30 30 57 29 25 64 25 25 64 54 41 34 74 32 44 71
0 0 2 1 3 2 3 2 2 4 6 2 11 3 13 8 10 12 7 14 8 7 6 5 5 5 4 17 22 20 15 27 17 12 17 8 16 4 4 4 20 10 4 34 33 7 9 11 46 29 38 33 45 27 45 53 39 26 25 25 47 20 19 62 60 55 42 22 19 26 44 38 36 70 67 38 37 48 41 70 30 20 79 68 71 79 57 47 37 36 42 82 35 59 29 67 28 84 33 40
0 1 0 1 3 2 2 6 3 1 1 2 11 8 6 4 3 10 13 3 3 19 14 11 8 3 3 3 5 11 26 31 25 23 17 34 23 12 4 5 6 9 18 26 44 37 19 37 12 39 46 48 40 49 23 23 43 50 29 26 45 23 21 20 52 16 45 55 16 14 14 70 66 36 25 16 13 12 13 39 37 15 15 14 62 35 85 46 60 21 20 62 22 59 44 25 73 71 76 95
0 0 1 2 2 5 4 6 3 5 4 3 3 3 4 15 11 4 15 3 6 15 16 3 21 16 16 6 20 3 5 5 13 2 22 2 2 29 16 15 24 8 41 23 10 14 12 30 28 26 43 19 38 14 12 9 51 28 3 51 27 4 60 41 34 57 33 28 23 29 9 62 56 47 42 23 5 53 41 51 48 34 34 6 7 83 6 7 6 33 26 8 53 47 67 69 47 61 57 91
0 1 0 0 1 0 5 2 6 7 5 3 1 12 5 3 1 16 12 8 7 1 5 3 4 5 6 7 23 12 29 15 9 9 30 34 19 18 31 20 33 24 18 42 34 27 22 43 40 39 35 30 28 23 28 55 56 54 23 58 37 55 30 23 22 52 47 20 49 42 65 56 48 33 57 25 25 19 19 18 75 18 80 18 16 16 15 58 15 15 36 14 45 42 27 20 58 63 65 94
0 0 1 2 2 3 6 7 5 8 5 5 5 9 6 10 5 4 8 11 2 2 8 2 2 2 11 23 3 9 9 5 4 31 32 24 21 34 9 8 32 34 35 35 30 25 19 9 7 23 46 9 6 32 15 44 48 24 16 35 48 35 8 54 23 6 49 57 33 15 35 22 42 15 14 20 12 12 72 69 17 39 24 15 14 51 69 48 21 84 68 38 23 93 77 86 86 72 69 69
0 0 0 1 4 2 4 2 1 5 2 7 7 12 3 14 16 3 6 18 14 18 14 18 21 22 18 15 27 10 17 9 28 10 29 27 24 15 16 15 9 40 39 30 44 44 39 47 35 29 27 19 42 50 46 31 56 35 33 11 8 41 27 22 22 10 60 18 46 7 61 59 56 45 70 55 71 8 30 34 47 70 10 7 7 7 82 63 28 26 17 58 71 42 50 80 87 70 76 67
0 0 0 1 2 3 3 4 8 7 7 9 8 4 4 4 5 13 7 6 7 19 14 12 15 14 12 9 11 9 22 9 18 8 13 12 14 18 32 35 27 25 24 33 17 39 34 43 33 24 44 27 34 34 29 32 26 40 55 31 54 24 57 24 38 16 44 67 61 31 22 17 66 26 18 30 37 17 74 17 18 78 55 53 79 19 18 40 18 25 27 32 92 82 81 76 66 90 71 71
0 0 0 3 0 4 1 4 4 8 8 7 12 10 3 3 6 17 15 11 8 4 21 10 9 22 25 14 8 29 15 12 30 15 17 15 9 24 21 23 7 40 33 41 29 15 39 37 27 48 22 46 24 17 17 49 25 12 34 13 44 43 39 23 23 26 61 18 9 8 31 36 60 45 28 32 8 76 26 72 29 25 15 59 23 7 28 9 53 19 78 41 45 37 75 65 34 66 78 96
0 0 1 3 2 2 4 2 2 9 3 8 3 2 2 8 8 2 15 19 12 15 9 8 4 13 5 5 21 17 19 28 17 26 14 27 18 12 9 26 14 41 7 7 6 6 6 38 28 18 16 34 7 46 13 24 40 42 39 34 18 57 39 53 46 48 48 21 17 15 22 52 37 72 20 14 30 14 20 13 13 13 58 70 53 76 80 73 52 47 46 42 27 24 52 63 35 63 58 67
0 0 1 3 3 3 4 1 8 7 6 5 3 3 8 6 3 9 18 16 15 8 12 8 14 7 5 3 5 26 3 11 3 2 2 25 20 14 12 11 2 1 19 1 36 12 24 22 9 8 6 38 38 35 19 40 34 5 29 56 4 39 11 3 31 25 55 12 2 54 28 1 71 62 1 42 70 0 0 18 53 0 60 0 67 67 48 86 56 16 78 27 48 44 36 16 10 45 41 67
0 1 1 1 4 2 4 7 7 9 4 2 3 1 14 14 2 17 17 14 17 14 17 23 21 25 24 22 22 24 23 22 19 17 9 9 36 35 28 26 35 33 39 29 29 23 20 20 9 19 42 9 39 28 51 34 33 21 35 18 46 43 62 51 37 39 54 35 24 24 46 32 11 61 33 42 45 53 27 23 13 11 19 11 67 40 29 11 11 10 22 22 38 83 19 93 58 48 46 72
0 1 2 3 4 4 4 4 4 5 10 10 7 6 12 6 10 6 6 18 12 11 11 18 9 7 8 25 17 22 17 15 22 24 23 34 27 22 25 21 30 19 15 15 15 38 20 26 36 39 25 34 48 33 38 42 26 20 15 56 15 52 54 20 13 12 46 38 64 35 19 12 48 12 58 42 11 11 9 52 51 41 79 41 9 9 12 30 62 32 24 19 15 47 16 23 68 80 34 51
0 1 2 3 3 5 5 5 8 4 2 2 10 9 8 4 9 14 16 16 20 3 3 7 21 8 22 26 15 18 15 27 11 10 10 34 12 28 29 18 27 16 15 38 38 23 29 40 40 23 21 20 47 33 46 17 40 57 39 36 60 27 61 60 53 47 46 43 41 32 32 61 34 55 25 70 33 23 21 21 55 53 15 53 15 83 41 35 42 35 40 32 29 27 36 44 35 58 89 93
0 1 0 2 2 0 0 1 1 1 3 2 9 5 3 3 13 11 18 9 11 7 5 4 22 9 7 4 4 3 7 9 10 21 13 33 26 11 13 38 28 26 33 34 27 25 19 16 29 14 16 48 44 38 14 55 51 46 46 48 51 32 27 54 43 43 25 41 31 20 21 63 58 21 63 18 15 14 14 61 14 17 58 14 55 19 14 18 43 39 15 88 24 69 26 22 82 80 96 52
0 0 1 3 3 5 1 2 7 6 10 5 5 8 12 11 11 8 6 4 3 20 10 13 6 12 2 20 13 2 1 2 29 27 24 10 24 22 7 5 5 30 14 20 44 35 26 17 29 17 44 41 43 30 19 15 21 22 48 47 5 4 45 15 23 9 6 4 24 61 57 34 3 43 36 4 25 60 10 49 6 71 8 11 53 38 25 20 10 8 10 11 82 92 80 68 36 34 26 41
0 0 2 2 2 0 4 1 7 8 2 4 12 12 14 13 10 14 18 11 19 11 11 22 20 10 9 9 8 9 8 20 29 18 12 35 8 20 31 16 13 39 10 39 23 43 10 8 39 32 8 21 24 12 42 23 7 30 7 39 58 8 6 6 60 6 5 5 43 67 63 48 45 31 28 22 5 58 39 79 57 10 6 6 25 5 5 46 15 29 53 83 66 80 86 84 67 79 90 56
0 0 1 3 1 3 2 3 8 8 10 9 5 5 5 4 4 17 7 16 14 15 12 12 6 11 21 6 6 5 5 4 4 4 33 23 3 8 20 24 17 3 3 34 31 30 28 13 20 20 20 41 47 30 37 45 53 34 46 59 34 50 45 30 62 41 23 19 19 48 18 18 16 10 16 65 10 15 49 53 31 19 3 54 34 3 17 20 28 28 80 51 43 28 41 35 30 57 28 84
0 0 1 0 4 4 1 0 7 7 7 6 6 6 6 6 2 2 2 5 2 11 11 23 9 9 22 8 8 12 7 3 28 2 1 28 23 25 25 33 27 9 7 42 44 35 32 24 19 16 7 8 10 3 22 39 20 1 1 1 56 44 30 19 4 1 58 63 1 66 55 62 1 1 55 48 10 42 5 63 79 71 66 76 73 65 51 49 70 46 36 39 49 30 43 44 29 46 20 73
0 0 0 0 0 0 1 6 5 2 2 8 5 3 14 13 15 11 11 14 7 7 12 17 13 22 11 27 27 11 8 28 22 4 4 30 32 32 10 5 4 4 4 4 4 34 31 47 28 16 11 18 15 17 10 10 22 12 7 46 50 41 54 29 23 19 62 43 42 53 23 8 7 45 20 60 55 52 38 26 47 47 20 19 20 43 19 34 19 66 56 45 36 33 21 15 27 23 25 36
0 1 2 1 4 2 1 7 4 3 1 10 6 4 6 2 1 16 1 17 19 20 11 21 19 9 18 25 19 17 6 6 2 2 4 10 28 19 16 26 21 36 10 2 41 14 2 5 32 22 17 10 1 11 5 1 20 14 1 42 48 42 47 34 62 39 23 38 22 50 46 32 12 14 68 66 48 39 55 25 10 9 9 7 3 61 7 2 50 69 2 4 9 11 58 12 17 23 89 75
0 1 1 2 4 5 5 4 7 8 1 0 4 1 12 12 6 2 0 11 1 2 3 19 20 11 12 6 4 13 17 6 6 12 18 28 11 28 25 36 26 25 29 29 25 19 21 16 43 20 39 24 12 13 12 50 41 57 58 41 40 23 14 54 27 45 42 34 62 26 68 49 25 73 70 37 68 64 49 45 36 66 52 52 48 54 34 32 41 52 30 27 80 56 48 43 25 24 24 39
0 0 1 3 3 2 5 2 3 9 4 9 7 6 9 5 4 8 3 9 3 4 9 8 14 23 6 15 10 6 26 26 23 29 6 23 6 35 5 5 38 40 29 9 20 25 45 27 34 27 31 18 52 49 54 53 47 25 23 14 10 7 7 27 37 52 47 18 58 59 58 25 10 13 13 23 68 43 16 15 67 71 16 25 35 15 75 54 78 56 43 75 58 93 68 37 84 16 83 24
0 0 0 3 1 2 4 5 6 8 3 4 7 5 6 7 8 16 9 19 20 19 22 22 20 18 21 22 21 14 10 19 29 12 23 16 12 12 29 22 19 15 14 27 17 35 35 35 19 48 29 39 50 46 33 53 49 37 31 56 53 53 48 46 36 52 36 62 61 36 30 21 20 48 39 74 19 19 32 56 51 79 47 52 46 40 23 24 22 53 20 20 19 74 31 29 29 50 86 85
0 1 2 0 4 5 0 6 5 4 8 2 1 1 7 9 11 7 11 2 17 20 17 3 9 10 5 10 18 14 26 31 23 29 29 20 18 32 32 26 18 13 22 9 11 35 31 20 13 9 9 7 39 15 6 6 52 17 15 57 38 29 23 23 29 31 55 66 55 51 44 28 24 20 19 72 67 58 38 28 11 49 12 8 8 53 23 19 75 55 32 90 57 50 60 59 64 67 58 72
0 1 1 1 4 5 4 7 6 3 2 2 12 13 4 10 4 12 9 2 1 1 20 1 11 5 1 1 1 1 1 27 26 1 16 1 21 21 33 1 1 23 32 15 1 1 40 41 48 20 20 12 28 49 43 41 29 28 58 22 27 59 49 52 35 30 25 38 41 5 5 5 5 29 5 6 5 63 27 9 9 12 79 76 74 60 13 14 53 15 14 54 23 67 70 55 80 67 65 52
0 1 2 3 2 4 3 5 4 2 3 10 11 13 12 11 15 9 8 8 7 13 3 4 18 5 8 19 13 28 20 13 6 7 14 21 26 20 10 19 12 23 17 29 29 29 28 26 47 36 38 22 17 9 14 29 21 15 39 26 29 14 18 60 48 14 11 50 51 30 67 49 48 34 29 36 29 27 20 64 9 8 76 56 48 32 9 60 11 12 79 45 65 92 51 29 43 47 29 84
0 1 1 3 1 5 6 1 2 7 1 4 2 8 8 11 6 7 6 4 10 1 22 20 9 4 15 17 20 3 2 9 10 4 2 2 11 23 9 38 3 2 34 2 22 2 31 21 34 1 11 42 51 20 19 48 28 1 1 1 29 24 39 63 24 18 20 16 12 34 34 59 34 68 6 64 59 7 3 76 77 3 47 2 5 52 86 26 64 51 26 90 38 65 30 87 49 35 70 51
0 1 1 2 2 5 4 4 3 9 8 7 2 11 2 2 2 7 13 7 12 11 9 17 14 11 7 5 4 21 25 18 19 28 26 10 13 9 8 37 34 31 19 12 8 17 8 38 28 28 30 40 9 4 4 4 32 57 32 32 10 6 4 50 8 49 12 11 47 60 55 29 9 70 30 9 49 9 65 40 66 65 52 70 33 32 32 31 23 20 17 58 21 27 55 59 57 97 87 68
0 0 1 1 4 5 3 2 3 9 10 10 9 11 11 8 6 5 5 5 17 6 6 8 21 10 8 16 26 22 21 14 5 19 13 5 10 5 7 25 35 28 41 14 27 38 33 20 12 10 28 35 31 10 10 50 10 9 8 23 54 45 55 60 49 45 42 67 38 56 50 60 44 36 29 20 19 57 13 79 19 31 11 24 72 69 30 58 74 11 35 64 18 85 75 62 72 41 75 39
0 1 1 2 4 5 2 7 5 3 2 2 2 6 3 14 2 7 2 2 7 7 12 3 4 8 26 25 18 23 16 11 10 28 10 17 10 22 22 25 9 20 39 27 40 38 10 26 22 11 34 37 17 16 53 38 50 51 45 58 55 48 38 31 30 27 14 67 49 46 64 66 63 45 40 20 66 63 54 35 32 77 37 76 51 24 59 31 77 65 24 91 42 71 37 77 73 96 39 46
0 1 1 1 2 4 6 7 4 3 9 5 3 3 3 3 15 13 9 8 7 6 6 22 24 4 4 22 19 15 25 16 24 16 34 12 22 11 8 22 4 13 23 19 21 8 30 30 30 8 4 3 37 45 18 27 18 7 5 45 35 61 54 55 49 42 32 52 44 59 56 64 57 57 41 43 32 31 28 77 34 28 21 19 19 56 33 17 17 10 72 24 20 56 21 77 74 85 75 47
0 0 2 1 1 5 2 6 4 1 1 8 3 8 9 7 7 5 17 11 9 16 14 23 4 1 18 11 1 11 17 16 32 4 24 22 23 29 13 28 3 26 22 23 22 35 46 30 48 18 20 14 14 40 31 43 43 26 48 16 10 19 6 36 18 11 40 8 62 62 25 28 57 24 25 6 39 29 30 6 29 4 18 27 10 4 47 72 75 56 66 43 69 20 18 37 55 30 29 39
0 1 2 2 1 1 1 1 7 0 0 0 0 1 3 8 0 0 14 16 14 19 22 16 16 15 24 9 3 4 20 3 4 11 31 5 14 24 37 36 27 35 35 32 30 42 23 33 35 14 25 50 13 21 12 12 11 11 29 39 60 44 45 28 27 16 11 11 10 10 24 33 63 58 59 34 72 9 9 7 66 45 81 76 36 80 17 15 60 85 59 22 24 15 88 43 37 59 49 35
0 1 0 2 4 3 1 1 0 8 5 5 3 10 3 2 6 16 10 2 13 14 13 10 1 1 2 0 20 22 28 20 19 21 29 17 16 11 4 3 2 32 0 0 20 32 0 47 47 27 10 29 22 36 38 50 33 13 5 2 0 21 38 2 28 36 3 2 16 68 56 57 62 67 55 51 43 40 26 75 27 25 14 41 46 13 84 84 44 28 89 78 62 38 47 68 66 50 40 37
0 1 1 3 1 3 3 2 2 9 3 3 4 3 4 10 14 8 6 18 11 20 21 13 18 21 7 14 24 14 29 30 32 17 11 28 23 29 33 21 12 41 10 8 31 7 27 10 13 37 25 13 15 53 37 19 55 55 43 50 37 28 25 24 31 56 27 29 51 69 66 58 44 38 36 59 30 26 24 60 51 78 45 24 56 41 21 52 19 19 51 65 24 35 41 40 75 50 43 98
0 0 1 0 3 1 2 5 4 8 7 7 12 11 7 9 6 5 5 13 9 8 18 17 6 5 5 5 14 21 6 14 14 30 13 29 8 37 9 38 36 25 9 19 28 31 24 18 11 26 50 21 41 33 52 42 38 37 55 52 47 47 34 34 47 64 31 19 14 62 70 50 14 44 41 13 12 10 50 70 36 25 12 9 79 8 8 60 37 8 9 9 58 13 27 66 52 94 64 49
0 1 2 3 4 5 6 6 8 8 7 7 9 10 12 8 15 14 9 8 7 18 7 7 7 23 26 19 14 28 30 30 26 31 16 20 34 14 13 34 36 25 35 36 28 41 25 19 34 18 49 17 8 20 49 14 31 29 43 58 58 58 36 35 24 60 21 19 12 63 41 37 12 52 70 43 15 9 9 63 44 23 68 49 46 42 20 11 13 22 66 66 52 66 33 44 35 37 35 49
0 1 1 3 2 5 1 3 3 1 10 8 7 7 4 2 16 7 18 16 10 6 7 5 5 4 4 20 18 13 8 2 2 6 8 3 16 7 4 8 7 5 25 24 41 34 38 24 35 20 42 40 28 25 24 22 55 50 22 58 59 47 46 40 39 45 38 28 28 36 35 71 31 31 25 23 40 49 58 20 76 75 57 52 62 82 60 56 57 20 19 32 92 19 18 17 16 16 31 23
0 1 2 2 2 4 2 1 1 3 4 1 1 5 3 1 6 1 1 18 2 1 0 23 15 0 16 11 10 9 30 30 2 1 20 8 23 34 29 38 6 13 15 2 28 25 31 17 39 22 36 6 15 26 51 5 3 27 19 7 24 7 4 59 18 48 27 41 63 32 45 55 26 26 71 38 37 77 78 70 25 23 37 17 14 31 14 86 53 51 32 72 63 53 13 13 75 79 49 24
0 0 1 0 0 1 0 2 0 6 10 9 5 5 10 14 14 5 4 10 7 17 20 19 14 17 5 3 3 24 2 16 2 0 0 0 0 0 0 0 0 37 5 5 2 43 43 45 46 33 50 41 31 18 47 42 16 11 51 30 10 18 9 52 29 7 35 33 48 30 27 67 70 22 69 31 16 15 65 7 69 6 30 9 73 15 7 2 10 13 22 4 10 8 29 9 23 21 79 32
0 1 2 3 3 3 3 4 7 7 6 5 7 7 10 10 9 3 6 3 14 16 9 15 21 18 26 12 9 7 3 10 10 24 5 14 29 17 16 5 3 20 3 17 4 4 16 34 6 10 25 6 46 40 8 40 40 51 35 52 52 39 25 16 55 19 11 44 24 12 40 49 21 13 13 16 61 77 60 27 59 32 21 52 19 19 18 20 24 32 90 76 69 93 46 41 37 35 44 92
0 0 0 1 2 5 3 6 5 2 7 8 9 7 7 8 8 5 5 9 3 11 9 19 18 21 20 23 10 24 21 20 23 19 16 10 19 9 9 9 7 6 6 8 11 31 25 39 26 24 11 43 12 44 13 38 52 46 41 40 38 35 52 32 23 57 17 16 62 46 33 67 60 59 26 47 40 26 15 15 76 58 34 20 60 47 69 57 27 18 17 74 25 23 76 73 90 24 92 41
0 1 0 2 3 4 0 3 8 4 4 8 8 3 12 5 11 3 2 0 0 0 15 0 18 17 24 26 21 26 25 17 9 8 27 15 7 28 7 23 17 37 22 9 7 45 45 40 39 38 34 29 23 18 53 20 46 11 7 4 59 1 62 26 36 36 10 7 0 0 0 56 37 30 73 63 49 18 1 14 0 14 2 0 54 3 6 64 57 27 8 26 10 9 13 27 29 18 22 61
0 0 2 1 2 3 4 6 7 5 6 9 7 8 12 11 16 13 18 17 17 15 15 15 23 23 16 15 15 13 29 21 32 27 30 25 30 21 15 28 31 38 36 38 27 27 26 20 16 15 15 14 12 48 16 12 11 11 33 58 37 35 40 61 33 32 61 31 10 65 59 30 28 23 48 37 10 10 75 62 10 23 68 23 24 10 80 74 64 72 74 57 67 72 61 52 84 74 72 70
0 1 1 1 2 4 3 5 8 9 10 7 6 6 11 14 10 11 7 5 16 17 17 14 12 20 6 23 14 14 14 5 19 5 18 5 5 11 4 4 27 27 35 32 22 20 14 26 17 44 13 51 12 39 12 41 12 12 34 11 17 11 34 62 38 36 28 24 13 30 12 22 10 32 24 9 21 17 8 7 4 8 65 50 11 26 71 78 24 74 24 57 48 88 41 35 54 81 73 83
0 1 2 2 3 2 6 2 3 7 2 6 5 2 2 2 8 13 6 5 4 18 6 9 18 5 7 4 23 17 30 23 17 4 24 3 12 3 10 20 5 7 3 39 20 8 15 16 27 34 23 34 17 21 38 47 30 53 50 28 38 27 53 25 48 41 25 22 39 39 50 60 70 48 38 54 55 45 58 77 38 60 38 32 59 32 54 30 26 57 25 51 48 88 59 61 69 53 62 76
0 1 2 1 2 4 3 1 1 1 10 10 10 13 12 10 15 15 13 12 12 8 21 10 8 23 8 18 11 6 14 31 4 29 9 8 4 35 35 35 13 3 18 16 17 3 3 3 46 34 46 32 47 40 41 25 55 22 49 30 10 37 10 56 10 7 3 38 4 2 1 65 59 54 17 1 67 72 47 46 46 39 36 17 48 56 3 31 70 36 57 30 30 37 73 47 36 36 26 48
0 0 1 3 3 1 6 6 5 4 4 3 7 2 2 5 3 16 18 6 6 4 4 15 20 10 11 9 21 18 26 17 18 26 14 35 28 19 15 12 9 40 36 20 36 34 30 29 30 46 29 26 26 25 24 24 46 28 23 50 46 47 23 20 17 17 15 47 13 12 10 9 9 8 8 65 56 64 7 44 76 36 7 69 64 58 52 11 85 73 70 70 76 55 31 68 89 60 94 66
0 1 0 2 1 5 2 6 6 9 9 7 7 7 4 14 15 17 11 19 11 18 9 8 6 17 13 25 4 4 3 3 3 29 26 35 35 23 33 23 30 26 16 29 16 37 43 22 16 13 38 13 32 21 9 7 6 27 31 52 41 37 41 30 63 58 65 66 35 35 26 22 15 69 56 44 14 75 8 57 57 49 37 41 7 23 37 58 49 78 56 41 36 92 61 52 92 35 34 46
0 0 1 0 0 1 6 2 6 7 7 9 6 5 8 8 4 17 5 1 0 3 16 1 24 4 3 8 27 25 23 20 15 11 11 9 22 11 13 10 7 13 13 25 26 33 12 6 6 9 6 4 47 37 43 39 54 31 31 23 41 30 43 25 23 21 19 18 18 25 9 9 40 39 9 7 34 7 77 26 6 69 52 23 4 68 4 46 71 73 61 41 36 48 25 74 23 21 19 87
0 0 2 2 0 0 5 1 2 2 9 9 8 3 13 7 11 5 4 15 19 6 19 4 4 25 22 20 17 13 18 6 32 17 23 32 29 24 24 20 19 19 28 22 34 23 28 18 31 34 29 26 15 52 44 44 36 32 26 47 18 57 12 12 12 54 14 57 11 9 9 15 12 16 61 64 41 71 49 54 72 41 39 21 49 64 17 21 77 52 70 33 27 27 36 29 66 76 71 94
0 1 1 1 2 2 2 6 3 3 3 4 4 5 10 6 6 16 7 7 7 7 18 18 10 19 16 12 18 10 27 26 29 27 25 20 34 36 14 10 40 10 34 21 28 25 33 31 38 26 10 36 50 10 46 36 31 10 8 20 59 43 50 17 58 36 9 60 67 43 37 29 13 8 25 74 75 61 55 55 71 62 37 30 8 60 78 35 78 76 67 61 57 44 26 26 71 21 55 82
0 1 2 3 4 4 4 4 5 5 6 7 8 12 9 13 13 13 17 17 19 16 14 19 19 13 13 26 19 16 30 23 22 20 13 14 10 13 19 21 10 10 42 21 16 10 38 10 10 27 42 10 16 10 10 10 55 36 29 13 13 23 13 27 49 10 25 17 44 20 33 43 65 71 60 60 57 49 47 36 45 76 66 65 65 70 61 61 60 57 84 53 49 82 48 43 38 36 69 59
0 0 0 2 3 5 2 2 3 1 1 0 9 8 10 4 10 14 6 3 15 5 3 19 3 1 2 8 3 4 6 14 7 27 18 9 10 23 18 25 13 9 11 24 9 32 41 33 47 38 42 42 23 19 15 27 52 45 45 44 24 37 46 24 62 18 17 45 13 37 36 65 56 26 22 21 65 15 76 20 17 77 57 40 27 25 73 76 61 65 61 75 91 33 47 32 69 84 88 70
0 1 1 2 3 5 6 5 7 5 5 5 10 9 5 12 13 4 14 12 12 7 8 4 17 22 17 8 23 13 8 4 4 27 17 32 16 7 18 6 27 39 16 33 19 43 45 21 18 39 16 24 9 39 28 21 6 56 34 55 50 33 24 24 29 16 11 6 35 53 8 21 4 4 25 4 52 8 73 77 41 49 36 81 31 30 74 59 35 72 20 42 23 78 20 17 16 15 28 36
0 0 2 2 4 2 5 1 0 0 7 0 12 12 9 7 15 14 0 0 20 19 18 11 5 3 8 6 6 21 4 3 27 26 15 34 2 14 11 38 0 0 0 24 13 18 25 25 17 16 16 38 33 32 28 15 11 10 7 1 30 39 19 2 7 48 16 9 11 49 56 59 32 15 32 10 32 13 13 63 10 14 14 13 35 22 15 68 84 82 16 16 16 53 16 22 32 24 93 47
0 1 1 3 3 3 2 7 7 8 6 9 4 3 11 2 13 5 2 2 2 2 2 2 10 6 23 2 15 2 9 11 7 2 2 2 2 5 14 18 2 19 38 27 38 30 13 26 42 12 6 3 44 3 16 26 2 2 9 2 50 47 18 18 26 31 28 10 2 35 4 63 66 60 69 58 55 70 40 32 66 31 15 10 74 17 60 71 58 39 79 70 54 91 33 35 39 72 68 76
0 0 1 2 3 5 3 3 3 7 8 10 6 4 6 4 15 14 5 15 10 7 8 19 17 17 22 9 9 24 22 9 30 25 23 8 22 33 14 8 20 34 34 29 20 13 13 12 18 22 41 14 8 49 52 9 38 44 10 35 32 15 11 14 29 46 56 63 39 57 52 37 27 24 29 16 73 57 55 39 34 33 19 25 74 81 70 87 53 51 49 88 38 32 27 28 36 44 74 52
0 0 0 1 2 3 4 5 8 7 8 8 7 7 7 6 4 16 8 15 13 15 7 14 12 5 22 4 24 25 4 4 25 17 9 9 20 12 6 16 16 5 5 25 21 7 36 5 27 21 9 33 30 36 49 46 31 29 27 19 14 29 11 15 19 47 11 14 15 60 63 19 53 16 31 18 69 30 44 35 19 67 48 24 59 31 46 72 39 77 27 81 84 74 82 71 89 89 70 49
0 0 0 0 4 1 0 0 3 2 0 6 11 7 8 14 6 8 6 4 1 13 20 23 13 5 21 16 8 6 5 4 3 29 29 18 14 30 25 21 14 30 36 28 15 14 9 24 47 21 15 9 37 32 8 22 51 51 24 51 23 54 6 9 28 7 48 6 6 6 3 2 44 18 2 19 7 52 31 3 22 63 27 70 20 7 40 17 61 4 69 60 60 80 15 31 21 35 31 20
0 0 0 3 0 0 2 5 0 0 0 3 6 4 10 4 4 14 4 4 5 15 11 16 18 18 15 22 24 16 15 15 15 14 18 14 34 17 24 14 14 27 35 14 31 24 13 13 11 11 11 11 11 11 12 53 44 30 27 31 50 30 33 48 48 47 21 10 10 10 11 22 46 68 44 18 10 10 10 10 10 37 10 10 10 10 81 43 77 34 33 75 21 56 22 21 21 26 27 46
0 0 0 0 0 0 2 2 2 1 1 9 12 11 0 14 6 9 5 6 9 2 15 1 11 8 13 2 3 5 5 20 30 30 26 11 34 19 36 32 40 30 28 18 27 17 17 32 31 37 26 21 18 52 29 44 37 35 35 37 23 29 22 21 11 60 29 59 44 8 19 8 8 7 7 66 49 46 4 4 9 4 50 9 71 44 16 86 69 44 31 76 30 51 91 25 62 34 68 58
0 1 2 2 4 4 2 6 6 2 3 11 10 9 9 10 16 12 17 11 14 10 7 6 6 23 13 13 7 25 7 7 6 6 25 33 24 37 23 38 16 14 6 6 6 45 42 45 35 16 13 44 13 35 6 40 4 30 27 20 4 55 59 58 50 43 30 12 58 4 37 27 5 4 65 35 19 4 4 47 40 6 81 32 18 72 46 58 55 64 37 31 22 17 17 17 86 47 60 66
0 0 0 0 4 5 3 6 4 1 0 0 12 7 6 0 1 3 2 14 13 16 19 9 3 12 4 11 22 22 26 10 8 31 23 28 21 35 37 30 30 18 18 16 11 44 8 33 10 30 8 31 45 42 7 24 5 57 52 53 44 34 44 14 42 16 50 7 62 53 6 9 11 47 10 51 14 16 20 21 77 43 30 70 36 31 29 74 31 82 79 28 28 26 91 30 32 84 43 69
0 0 2 0 0 1 2 0 2 0 1 3 10 8 9 4 15 15 10 10 20 16 17 14 10 17 10 21 15 10 26 25 22 16 29 24 18 18 17 11 10 29 12 10 6 41 23 23 17 30 14 13 11 37 35 26 44 15 17 14 11 7 6 25 57 22 42 14 63 69 6 50 35 6 15 6 51 56 56 51 6 6 6 59 4 4 61 82 64 58 42 5 5 88 8 13 30 87 72 57
0 0 1 2 4 2 2 2 5 2 4 10 7 7 7 7 7 16 11 18 15 8 5 12 9 22 20 13 8 16 6 13 29 26 22 6 10 22 17 14 24 20 11 14 22 23 22 17 36 20 18 18 18 52 19 21 53 41 43 56 30 56 37 33 42 39 33 32 51 28 31 40 61 52 26 62 24 63 58 37 72 43 71 68 68 68 65 65 63 53 49 45 41 35 88 34 91 61 82 47
0 0 0 1 2 3 6 6 4 5 4 7 3 11 4 5 15 14 12 18 13 12 9 11 10 18 8 23 9 15 8 8 14 19 19 17 17 10 37 32 32 27 17 8 28 19 27 8 8 30 8 6 6 6 7 8 11 49 51 43 49 46 39 38 59 38 37 33 31 56 56 69 51 30 19 48 18 46 75 46 69 46 62 50 65 12 75 37 19 33 75 30 18 79 67 38 31 31 24 45
