50
0 0 0 0 0 0 0 0 0 0 0 0 0 0 0 0 0 0 0 0 0 0 0 0 0 0 0 0 0 0 0 0 0 0 0 0 0 0 0 0 0 0 0 0 0 0 0 0 0 0
1 1 1 1 0 1 0 0 1 1 0 1 1 0 0 1 1 0 1 1 1 1 1 0 1 0 0 1 0 0 0 1 0 0 1 1 1 0 1 1 0 1 0 1 1 1 1 1 0 1
2 1 2 1 0 1 0 1 0 1 1 0 1 1 2 1 2 2 2 1 2 1 2 1 2 0 2 0 2 1 2 2 2 1 2 1 2 1 2 0 1 2 1 0 1 1 0 0 1 1
1 1 3 3 2 0 0 0 0 1 3 1 1 0 1 2 1 1 3 2 3 1 1 1 2 0 0 0 2 2 1 2 1 2 0 0 2 0 2 1 2 3 0 0 3 2 1 2 3 2
1 1 0 4 3 4 1 4 1 4 3 2 2 2 4 3 1 4 0 0 0 0 0 0 3 4 4 4 2 2 4 2 0 0 0 1 1 2 1 4 0 1 2 4 0 4 0 0 0 2
2 2 5 3 4 2 2 2 5 2 0 4 1 1 5 1 1 3 0 3 4 4 5 1 2 4 5 4 3 1 4 4 2 1 5 2 2 0 2 0 2 5 2 5 5 3 2 1 2 5
2 3 3 3 1 0 2 2 1 2 0 5 1 6 1 1 6 1 0 0 6 6 2 2 4 5 6 1 1 2 6 4 1 5 5 5 2 0 5 0 0 4 0 0 6 0 5 0 0 6
4 3 3 4 7 3 7 6 3 6 5 6 4 3 1 7 4 5 2 2 7 7 1 1 3 1 0 7 2 4 7 5 3 1 2 0 0 1 7 3 0 1 1 1 7 0 0 4 6 6
2 7 3 3 4 5 3 2 3 4 5 2 3 7 4 0 0 2 1 0 6 7 2 1 7 7 0 0 5 2 1 3 1 3 3 7 8 7 7 2 4 2 0 8 8 7 7 2 5 6
3 3 0 1 9 3 8 7 9 4 7 6 7 5 1 2 7 9 6 9 4 6 9 6 5 5 5 6 9 3 9 7 6 1 4 4 8 6 4 2 9 4 7 0 1 2 6 2 6 4
4 4 8 2 6 4 2 1 8 10 0 0 4 10 7 5 10 9 6 6 10 10 7 8 10 6 8 8 7 5 9 5 2 1 4 6 5 4 7 3 5 5 0 9 0 4 7 9 6 4
5 8 10 8 8 9 6 11 11 11 9 11 7 7 4 7 10 5 6 11 3 10 11 9 4 4 3 5 11 8 8 7 2 1 6 10 6 4 4 2 2 10 5 8 8 7 10 5 3 0
6 10 2 4 8 12 8 4 2 3 12 12 9 7 5 3 5 10 9 7 6 7 3 6 11 10 12 8 9 10 9 11 11 7 6 12 8 7 12 11 7 7 5 9 12 4 9 1 1 12
6 7 13 12 10 11 8 11 3 11 9 7 7 5 4 11 11 12 10 9 8 9 7 9 11 12 12 12 8 7 2 7 9 12 11 11 8 12 9 4 7 7 7 4 5 9 12 11 11 7
5 5 5 5 2 13 10 11 5 8 5 3 6 2 2 6 9 4 2 3 3 12 13 11 13 9 12 8 7 5 4 5 10 2 11 7 14 13 11 10 14 14 7 11 12 13 9 3 11 5
14 11 11 9 2 1 3 14 3 13 7 15 6 3 1 5 2 7 2 5 15 8 6 4 4 9 8 12 7 6 2 8 12 3 7 12 10 11 13 9 13 12 6 6 6 5 2 2 2 15
16 14 8 5 4 15 3 3 2 9 2 0 10 4 16 3 15 8 9 12 11 8 9 10 4 16 1 5 4 2 2 10 13 8 9 3 11 6 7 4 7 6 16 3 3 4 1 10 1 0
7 7 5 6 17 17 8 10 5 8 6 6 6 2 0 4 17 15 6 3 17 13 1 5 9 12 3 14 6 12 4 5 2 1 1 13 12 11 16 7 15 17 9 0 14 3 1 0 0 16
5 12 1 13 2 9 1 1 18 3 0 1 3 11 13 16 6 11 6 9 5 2 18 7 11 5 16 18 6 1 1 11 2 5 7 4 15 10 16 8 16 2 10 17 12 8 18 5 0 8
19 19 14 4 12 14 3 18 3 14 12 12 9 19 5 9 5 16 13 10 10 16 11 9 10 2 7 9 16 2 1 3 8 1 5 1 2 4 14 9 5 12 18 6 0 0 0 11 14 0
17 13 17 11 9 18 13 19 11 12 5 10 5 2 0 0 1 8 2 9 1 4 16 2 3 0 1 5 19 13 13 8 4 6 10 1 3 14 14 2 12 17 13 19 12 17 8 7 16 7
6 6 8 2 20 18 17 20 14 20 18 18 13 21 16 6 19 16 10 13 11 7 4 16 16 3 19 21 11 2 14 18 13 11 14 17 14 19 8 5 21 3 8 3 0 9 3 1 16 19
7 5 14 4 3 7 13 16 8 12 15 16 7 17 18 20 16 17 14 13 21 7 3 6 7 17 3 3 3 2 17 3 1 14 4 19 11 15 14 21 15 16 16 10 7 20 15 5 20 15
19 16 6 11 6 23 9 14 21 23 15 18 12 9 11 5 4 18 7 19 12 6 11 15 9 9 21 5 20 1 1 3 1 2 1 16 17 13 12 18 9 11 2 0 6 23 22 6 19 13
13 12 7 6 3 22 2 4 2 24 12 14 4 16 12 24 22 14 4 10 3 21 19 23 22 21 20 19 10 10 20 19 17 8 7 4 19 14 6 15 6 13 13 13 4 13 14 0 16 11
19 14 16 12 25 7 16 12 8 17 24 20 14 15 10 5 4 5 17 17 18 6 11 23 19 13 11 22 9 4 13 12 6 3 2 18 12 20 3 11 25 25 17 9 11 20 11 3 2 4
8 6 1 4 14 7 3 3 2 11 10 3 13 17 4 2 12 5 12 23 16 2 21 5 18 6 12 22 3 2 20 15 16 14 13 3 13 11 20 14 10 4 0 0 13 1 2 16 26 20
24 14 10 5 7 5 10 5 3 3 19 16 16 20 0 11 3 3 2 2 1 1 12 18 18 8 14 14 27 9 9 7 23 26 5 8 6 14 25 25 17 22 11 15 17 18 12 13 25 26
25 14 4 5 5 3 16 7 4 11 2 11 16 2 13 27 26 23 17 17 9 2 16 23 23 10 9 4 4 14 5 7 5 21 27 19 3 5 9 2 3 28 2 21 15 20 8 12 21 22
13 21 14 11 29 23 7 10 5 8 3 18 14 16 4 21 8 21 7 6 14 16 4 8 2 27 17 11 12 27 11 10 14 9 25 17 10 14 7 25 20 19 9 23 16 10 7 7 6 10
14 24 7 24 11 7 24 14 20 4 6 4 20 25 11 9 10 20 8 9 4 26 17 20 10 2 2 17 5 22 30 15 23 15 27 20 26 9 11 8 21 19 16 21 19 16 12 10 12 11
15 10 7 6 29 12 6 10 6 17 31 20 4 5 2 0 3 11 3 3 2 2 1 3 3 1 19 1 3 28 21 14 9 2 8 26 19 6 22 21 17 27 11 16 16 27 14 10 20 27
22 9 3 7 23 28 28 16 32 6 6 32 27 3 18 26 8 4 20 16 3 18 2 20 4 30 28 6 5 23 6 9 9 31 22 16 9 6 5 7 29 30 29 13 23 21 9 11 13 4
29 8 14 8 30 9 5 33 32 29 29 28 24 24 33 16 16 24 27 25 25 23 12 28 29 12 15 12 14 8 10 9 23 19 33 31 28 26 32 32 26 28 16 18 18 12 21 28 17 26
16 20 5 19 24 16 21 14 17 24 10 15 22 11 5 13 6 10 5 29 25 17 16 14 12 13 6 22 16 22 15 10 16 4 3 1 0 29 32 33 33 32 33 11 21 10 20 16 24 18
24 18 32 25 8 23 23 27 18 14 7 3 35 26 23 5 30 6 33 4 5 24 35 11 31 15 20 10 29 9 18 16 3 13 22 1 6 20 24 21 23 14 9 9 7 9 31 25 14 7
26 19 22 18 8 34 33 9 12 6 18 13 12 4 17 8 27 31 35 26 15 5 31 35 22 17 14 29 22 16 36 31 18 24 12 34 9 6 3 2 2 5 4 3 5 30 31 21 29 22
18 9 34 35 9 23 7 36 30 15 32 31 8 12 19 6 26 19 22 24 22 32 27 36 32 21 36 30 27 34 19 22 17 19 19 29 19 16 30 20 18 16 11 26 17 10 10 20 6 20
19 38 7 32 13 21 27 14 10 10 12 18 22 23 14 22 17 24 8 21 17 9 5 6 8 32 21 16 5 7 37 35 12 4 10 14 4 3 18 14 2 7 20 38 36 15 11 13 11 24
20 10 29 9 9 6 35 23 16 18 32 38 22 22 32 33 34 29 22 26 15 6 11 12 34 3 2 4 32 38 39 26 31 29 38 15 17 34 34 29 30 39 22 29 21 15 22 22 24 29
21 11 8 35 10 7 24 9 9 19 30 29 20 16 32 8 11 10 9 22 7 24 11 27 14 5 15 34 31 11 39 8 7 7 5 40 27 3 17 13 39 20 12 38 12 9 7 15 34 4
21 12 27 28 11 16 7 12 10 31 35 11 7 8 33 15 15 15 25 9 34 25 3 4 8 4 3 16 25 34 15 8 35 26 30 12 5 4 9 8 2 3 1 13 10 27 23 7 5 16
22 13 11 17 32 27 39 40 14 16 13 22 11 41 21 12 12 22 32 18 15 9 4 39 38 5 38 21 24 34 13 12 7 31 29 37 30 20 4 7 11 14 35 39 38 35 24 23 25 11
23 14 13 13 27 35 31 25 20 43 23 37 33 35 27 17 41 32 28 27 17 21 14 42 22 11 14 7 9 40 6 22 37 33 6 6 35 19 22 16 2 5 8 14 38 17 21 18 40 14
26 23 14 14 37 33 20 15 38 44 31 38 17 18 15 6 6 39 39 30 11 38 33 37 15 9 36 42 20 20 23 42 35 18 15 43 24 16 18 32 41 32 21 30 40 38 44 28 18 7
24 16 17 44 41 32 29 27 33 28 40 42 40 24 27 15 45 39 29 35 17 18 13 13 43 38 39 45 37 28 20 42 41 40 32 26 39 17 19 16 17 19 10 32 31 18 20 10 17 35
39 46 44 45 38 42 40 43 38 38 37 33 32 44 32 23 39 35 29 36 28 42 30 22 21 11 15 13 17 24 13 29 37 33 14 11 13 14 43 11 30 23 17 31 29 17 5 43 37 27
24 15 32 19 35 16 22 28 44 34 30 26 29 17 17 32 34 13 13 14 13 37 29 12 46 29 32 24 37 25 11 13 16 10 8 7 8 40 37 31 41 43 21 24 30 9 24 43 23 23
45 48 43 15 15 11 24 35 19 38 34 35 42 18 46 30 9 10 39 38 44 33 22 26 38 11 41 13 12 5 39 37 39 22 11 24 34 36 17 10 23 17 25 3 38 40 5 40 43 9
27 18 20 18 24 16 15 46 22 49 35 46 46 44 41 24 30 30 20 45 19 40 25 33 46 26 30 25 21 39 49 32 20 19 22 36 34 28 30 49 21 20 8 45 10 7 6 8 46 3
0 0 2 2 4 3 6 5 6 0 6 6 1 10 10 7 5 10 13 10 7 6 17 23 0 19 15 15 12 28 22 1 29 31 26 20 10 34 2 33 31 8 38 28 21 21 32 40 31 25
0 1 0 1 1 3 5 0 6 4 2 8 12 1 1 15 7 0 15 15 3 9 16 10 1 11 8 14 2 3 5 4 13 27 25 32 20 20 9 32 14 15 34 25 24 31 46 47 17 32
0 0 0 0 0 2 2 2 6 2 2 2 11 6 12 10 10 5 17 4 7 4 17 17 13 7 11 4 22 15 17 31 30 26 24 14 29 27 18 17 19 14 38 16 10 23 19 37 22 13
0 1 2 3 0 0 0 1 2 2 10 5 6 3 11 12 9 6 18 17 14 8 14 11 10 7 11 6 18 29 15 14 25 30 10 14 31 9 17 28 27 23 20 19 26 27 26 44 46 23
0 1 2 3 3 4 2 6 5 6 9 4 11 5 13 13 6 6 6 4 0 1 3 5 13 24 17 22 10 24 19 6 2 4 9 15 14 24 11 37 15 18 38 26 16 43 22 28 23 30
0 0 2 2 2 2 1 1 7 1 1 4 1 1 13 11 7 6 5 15 12 9 20 4 3 21 20 19 17 14 20 30 19 19 32 11 8 4 5 6 23 33 38 36 29 31 25 37 20 37
0 0 2 3 0 0 2 3 2 0 4 10 1 13 6 14 15 2 3 7 19 17 15 13 13 23 23 9 9 18 27 21 15 33 33 22 11 10 21 10 13 28 18 15 39 14 40 20 16 49
0 0 1 3 4 0 6 4 6 6 3 6 5 0 0 14 10 4 3 0 17 19 0 0 0 4 4 25 0 23 26 24 15 13 8 1 2 3 35 24 6 4 18 16 36 10 8 43 45 39
0 1 1 1 1 4 1 1 7 2 7 2 1 12 11 1 1 1 0 2 18 18 9 3 16 24 4 7 20 16 11 11 11 28 16 27 36 37 30 26 17 16 15 43 43 40 38 36 32 38
0 1 2 3 4 4 6 5 7 5 6 7 9 6 5 6 12 16 13 18 9 9 19 10 8 17 10 14 21 10 24 22 16 10 9 9 33 24 7 7 33 10 36 8 10 7 32 30 28 30
0 1 2 2 3 3 4 3 8 9 4 5 6 13 12 11 16 15 10 9 20 21 15 13 23 15 13 13 11 10 25 10 9 9 9 13 13 9 16 15 9 9 9 35 8 23 33 45 27 28
0 1 2 2 1 1 1 6 8 7 6 7 7 3 2 9 11 1 4 19 1 20 20 13 1 7 1 7 26 19 18 16 5 1 13 13 12 5 4 1 1 21 17 21 25 20 38 35 11 10
0 1 1 2 3 5 4 2 2 2 10 8 8 6 6 7 7 6 13 7 6 6 6 7 19 22 25 16 16 24 23 30 28 22 8 33 21 13 38 32 7 6 8 26 43 6 28 6 5 41
0 1 2 2 2 2 3 4 2 6 5 2 9 1 1 13 12 17 14 14 13 13 12 9 7 24 24 21 6 6 1 15 8 29 28 26 10 33 7 4 7 3 31 9 7 15 41 47 33 19
0 1 2 2 1 5 5 5 5 5 3 3 8 3 5 13 12 3 7 3 8 21 21 19 24 22 20 15 15 14 14 13 19 9 30 17 36 36 22 30 35 33 28 37 40 41 33 20 29 20
0 0 0 0 0 0 2 5 3 7 4 11 3 2 3 9 2 8 4 6 20 13 12 7 7 21 17 19 14 14 9 19 30 12 19 27 27 33 31 24 34 24 18 17 16 16 15 15 15 49
0 0 0 0 0 3 0 0 0 5 0 0 9 4 13 5 13 7 12 14 14 13 14 12 5 25 5 12 8 14 8 21 29 19 22 11 26 13 15 11 13 11 41 13 11 13 17 41 12 13
0 1 1 3 4 5 4 5 2 2 1 1 3 1 1 12 15 15 11 1 19 16 4 9 13 20 6 20 9 22 8 20 7 6 5 26 29 28 34 24 34 35 33 10 36 13 10 15 13 48
0 1 1 2 0 3 1 2 8 5 3 6 8 9 12 14 11 9 9 9 9 9 22 14 14 19 23 25 10 10 10 26 10 17 19 16 33 28 34 23 34 13 35 37 34 26 46 26 14 31
0 0 0 0 1 2 0 5 1 4 3 3 3 11 2 9 7 14 13 5 16 17 17 8 6 5 5 13 19 4 1 1 12 1 9 1 1 6 31 21 9 22 41 19 8 7 7 41 31 14
0 0 1 0 0 4 2 4 3 2 0 1 0 0 0 0 0 7 2 7 3 8 21 5 5 3 5 16 28 21 20 19 13 15 22 8 12 31 31 14 25 33 39 40 30 34 27 28 33 26
0 1 2 1 4 4 4 4 4 8 4 6 4 13 4 4 13 4 4 5 6 4 3 13 9 3 21 27 10 3 15 26 15 11 18 18 25 35 8 4 37 3 20 6 2 12 7 8 30 46
0 1 2 2 2 4 5 7 6 6 5 9 4 13 14 15 12 13 11 5 20 5 5 5 5 23 5 5 5 5 24 3 3 21 14 31 25 33 27 37 32 24 39 18 17 44 36 17 42 37
0 0 0 1 1 5 2 4 7 7 4 5 2 2 6 6 3 12 3 15 13 1 15 12 4 14 25 1 23 0 0 0 0 4 1 21 30 28 21 34 18 13 13 6 11 44 44 20 37 32
0 1 0 0 0 5 1 2 3 8 8 9 4 11 10 15 13 8 5 9 5 18 18 17 20 22 17 17 16 14 21 21 18 11 11 9 28 24 12 24 9 20 33 24 8 26 32 7 31 31
0 0 0 0 4 0 2 2 0 6 9 8 3 5 1 0 0 0 11 10 18 2 15 21 12 20 9 25 5 1 17 14 1 0 0 24 24 34 2 17 39 38 37 16 16 34 30 9 7 20
0 1 2 3 4 4 4 5 6 8 7 7 9 13 8 8 16 9 14 19 19 8 22 12 19 16 16 25 11 12 26 26 24 22 21 13 31 30 34 27 18 16 15 14 24 17 19 44 48 45
0 0 0 0 1 1 3 0 1 1 8 8 8 12 3 13 4 3 3 3 2 3 20 19 16 16 18 23 28 15 14 13 30 32 13 16 15 33 36 34 29 35 28 26 33 31 36 28 47 49
0 0 0 0 1 2 5 3 3 6 4 7 9 6 9 15 14 14 14 14 8 7 19 18 18 18 9 9 9 19 9 12 9 30 31 26 10 11 19 15 17 40 18 36 26 35 30 33 38 44
0 1 1 1 4 4 1 1 0 4 1 8 7 9 3 13 9 13 6 3 13 13 7 6 2 24 19 16 16 28 13 13 21 13 31 26 21 30 11 36 31 30 26 37 22 19 18 19 17 36
0 1 1 2 2 1 5 4 7 0 2 3 8 12 6 9 9 11 7 6 4 21 19 16 10 5 4 20 6 24 29 19 25 16 33 22 36 16 15 17 29 25 37 31 26 25 25 20 20 30
0 1 1 0 4 4 3 2 0 8 10 9 3 4 3 2 4 11 3 4 5 6 7 12 8 11 23 9 13 27 27 24 22 17 22 32 33 23 33 33 32 38 29 29 28 43 34 28 38 47
0 0 0 1 4 5 5 3 8 2 2 10 9 3 7 12 6 4 10 7 5 13 5 15 6 23 20 9 8 21 10 13 13 31 24 21 14 11 14 15 35 35 38 24 30 29 23 23 25 24
0 0 1 1 4 2 1 7 7 5 5 5 5 5 14 6 5 5 11 11 11 10 5 11 10 5 5 5 4 4 4 5 15 13 34 29 30 27 38 32 28 24 24 14 11 11 25 36 20 36
0 1 1 2 4 3 3 2 6 8 2 4 8 3 2 10 5 6 0 19 19 11 19 11 7 16 5 23 11 19 14 10 17 4 3 1 0 37 38 38 39 38 41 21 29 20 38 27 38 36
0 0 2 0 0 4 3 6 4 1 0 1 12 8 7 3 15 2 17 3 4 15 22 8 19 13 10 7 23 9 13 11 5 9 22 4 9 30 31 24 31 15 15 15 10 15 43 40 22 23
0 0 0 0 0 5 5 1 2 1 5 3 3 2 8 4 13 15 17 13 12 3 19 19 12 16 11 20 16 15 29 25 17 20 9 32 7 5 5 5 7 10 13 10 11 38 38 36 35 33
0 1 2 2 2 3 3 7 5 4 7 6 3 5 7 5 10 8 10 10 14 18 18 21 16 15 26 15 12 27 12 12 10 10 12 23 18 19 31 15 15 11 10 22 10 9 16 23 7 30
0 1 1 2 2 3 4 2 2 4 2 7 8 9 5 14 10 9 2 10 13 2 5 2 2 24 17 17 2 11 29 28 14 3 12 19 2 2 28 24 13 19 38 43 43 30 29 28 24 42
0 1 2 1 2 3 6 5 5 5 9 11 7 8 12 13 13 9 8 10 8 4 11 7 19 6 4 8 23 29 29 21 20 25 32 12 18 33 34 30 30 39 30 25 15 14 28 23 26 36
0 0 0 3 1 2 5 3 4 7 9 9 8 7 14 6 9 8 6 14 6 16 12 20 11 8 14 27 22 17 30 11 9 8 7 35 33 5 26 23 39 27 27 40 25 21 19 33 43 30
0 1 2 3 1 3 2 1 3 9 10 6 5 7 13 12 11 9 13 8 18 17 8 1 7 11 9 16 23 29 16 15 31 26 29 17 12 9 18 18 16 19 19 27 24 38 40 26 24 40
0 1 2 3 4 4 6 6 3 5 3 7 3 13 8 6 9 9 14 7 7 1 1 20 20 5 23 18 18 25 11 9 7 26 25 31 27 23 6 10 13 15 40 42 37 34 30 27 29 25
0 1 2 3 4 5 5 4 4 9 5 9 9 11 7 7 15 8 7 7 5 7 4 23 4 4 4 4 4 28 4 14 28 27 1 7 30 25 20 13 8 10 12 20 39 21 33 25 44 30
0 1 0 1 4 4 3 2 7 9 6 7 4 4 3 3 4 16 14 11 5 17 16 15 6 8 16 26 14 15 17 30 20 12 12 35 21 14 18 24 36 23 23 23 38 40 46 27 20 19
0 1 2 3 4 3 3 3 6 5 8 9 8 3 3 3 16 11 7 10 3 3 3 3 22 22 17 27 17 14 8 29 26 24 17 12 27 8 8 6 4 9 4 23 22 15 22 8 13 34
0 1 0 0 0 5 0 0 0 0 0 0 0 11 1 0 8 2 0 7 3 16 9 0 0 0 0 0 2 6 0 12 18 18 0 0 0 6 38 0 20 11 14 17 17 13 0 41 30 28
0 1 2 2 4 3 3 6 8 7 6 6 5 2 2 13 14 2 2 2 2 20 19 2 24 20 17 16 19 13 4 10 12 2 2 2 2 35 35 26 38 39 24 22 28 17 31 43 27 31
0 1 0 0 1 2 3 4 3 6 5 7 9 3 12 7 3 3 13 13 16 12 8 8 16 6 21 6 3 4 25 21 26 11 5 14 26 30 12 7 18 12 20 7 33 39 9 44 45 18
0 1 2 3 4 4 4 7 7 9 8 10 11 11 9 8 9 6 6 15 6 17 14 12 23 12 11 11 5 21 29 18 8 5 5 19 25 24 18 37 14 7 5 38 5 5 5 10 43 15
